100 100 25 72 1057
2 84
73 66
4 2
80 7
85 84
27 7
14 59
52 68
66 86
29 56
77 87
93 24
82 31
83 45
43 12
2 51
66 30
40 54
66 62
2 92
34 82
19 33
7 70
59 27
50 12
58 80
10 89
26 5
75 5
10 69
73 2
21 29
92 51
51 43
86 44
34 95
21 93
35 58
60 34
67 97
6 85
72 83
34 3
9 74
42 61
59 42
29 25
72 59
33 18
73 41
20 76
30 91
19 38
47 47
55 3
50 26
66 84
20 22
89 8
18 27
64 87
9 7
83 60
98 36
99 79
8 96
62 85
95 71
50 94
59 11
7 10
94 33
19 11
9 89
74 77
82 21
95 73
52 73
47 94
53 46
44 38
44 2
21 57
93 59
35 11
9 25
17 23
46 82
92 11
12 100
27 39
60 44
86 11
33 15
94 25
18 25
47 22
2 7
15 22
46 5
17 38
30 93
86 85
8 23
30 42
13 2
71 39
71 36
20 59
23 13
3 91
67 88
67 71
74 8
18 95
23 88
72 89
75 19
23 77
78 85
59 77
62 92
84 13
82 63
13 35
8 47
62 67
73 28
49 41
22 53
66 80
37 10
7 41
19 9
44 21
51 72
90 3
83 21
4 87
4 17
16 25
99 97
100 10
18 1
79 45
49 74
46 3
64 34
55 70
75 76
14 65
15 20
67 91
27 74
92 17
10 77
24 49
22 57
11 81
83 33
47 34
16 57
55 25
15 75
97 11
47 43
52 21
10 45
79 54
6 76
49 8
10 3
33 86
37 18
61 60
37 36
1 26
74 4
12 58
67 33
80 43
1 60
44 75
33 6
51 15
51 86
21 64
65 79
95 94
32 88
4 45
55 20
84 74
88 75
12 13
59 41
59 78
84 4
64 38
25 47
88 32
31 84
100 81
54 46
100 61
34 38
85 10
93 10
9 88
81 21
96 27
64 97
9 29
54 92
83 96
10 25
63 10
72 41
25 86
91 9
60 78
77 80
49 6
93 46
61 24
33 82
48 63
86 62
26 12
72 78
66 15
96 11
21 10
60 15
77 30
22 36
4 34
4 63
32 60
77 82
94 94
83 85
98 12
62 62
26 43
10 59
74 33
71 91
77 42
35 55
86 91
27 60
84 23
65 78
68 75
52 84
34 58
25 50
24 91
44 41
49 67
61 68
8 63
15 70
99 98
24 75
17 78
70 38
18 51
86 32
6 34
75 31
15 81
45 41
94 91
38 26
74 75
81 14
62 43
91 7
8 71
10 12
37 50
55 76
30 50
9 87
10 28
83 76
63 76
28 33
89 91
83 19
81 95
78 41
71 57
30 18
79 87
9 62
64 2
51 33
74 82
57 75
20 75
93 11
40 19
85 64
17 70
78 43
73 78
95 95
57 47
29 22
84 53
29 7
9 22
90 9
31 91
44 4
73 100
13 3
72 84
73 55
80 73
39 23
59 14
70 100
22 69
54 86
55 61
26 60
14 64
23 3
91 64
79 62
88 40
17 72
45 34
95 57
12 10
4 85
58 31
34 55
53 93
40 31
81 94
100 58
57 44
26 18
52 22
69 12
68 46
53 90
1 20
97 46
82 56
32 57
97 99
15 36
20 2
96 29
9 23
96 66
44 43
89 57
17 28
13 92
100 85
38 77
42 85
74 23
89 49
100 67
36 98
74 94
98 3
43 9
4 74
19 8
28 25
1 85
7 20
51 37
59 10
26 58
63 19
65 90
8 48
35 50
17 69
51 82
93 28
46 2
61 99
55 46
75 29
24 33
43 88
73 96
74 13
68 59
49 88
78 47
74 31
26 66
69 54
68 92
100 32
37 40
47 86
59 32
85 77
13 51
6 66
1 69
11 64
44 95
59 13
38 50
39 95
4 38
25 63
7 91
96 52
90 4
72 3
33 79
6 59
78 98
50 80
68 91
86 65
68 3
37 92
59 40
39 100
24 79
7 50
72 35
58 54
62 52
66 60
13 46
47 14
36 9
21 63
14 76
82 54
97 93
79 33
17 40
99 83
29 12
78 21
24 47
16 52
79 53
46 68
40 91
87 14
53 96
96 71
87 50
81 38
9 44
49 95
12 87
99 86
15 50
89 58
62 58
23 41
4 56
52 58
49 28
86 93
96 36
41 65
97 97
88 81
15 46
75 65
66 22
29 89
72 82
71 58
55 53
87 6
45 39
55 23
97 74
12 29
29 80
4 27
24 52
66 38
70 14
20 93
18 86
85 13
85 74
38 31
43 67
75 18
55 4
58 21
59 46
39 34
8 57
17 2
76 88
80 94
30 23
71 16
35 66
88 2
36 90
13 41
33 83
98 73
32 63
52 61
89 73
89 31
96 85
78 50
77 38
84 46
83 78
99 95
1 10
14 58
84 26
22 31
45 66
32 46
41 4
23 2
51 90
28 58
67 58
91 94
80 98
89 87
47 6
40 6
28 64
27 14
12 31
2 48
97 17
5 94
43 24
95 93
45 60
80 85
81 68
97 43
42 29
68 69
47 20
99 49
41 32
4 35
83 99
50 100
100 52
68 54
7 87
86 28
2 18
27 65
12 23
61 69
63 46
18 7
83 1
76 52
18 4
68 19
90 32
87 46
39 15
57 77
57 81
42 95
52 29
46 99
47 77
87 65
47 83
66 27
55 72
47 97
49 3
49 39
50 72
80 48
61 8
18 59
33 31
46 1
39 94
56 46
17 24
17 74
62 7
44 42
22 21
47 80
56 9
98 16
57 49
71 13
23 87
4 78
26 37
96 93
10 73
38 54
31 46
31 29
1 27
12 45
97 80
48 67
90 80
13 54
25 29
27 69
78 93
28 61
26 6
88 68
61 48
71 61
60 21
16 4
61 34
72 81
43 80
23 84
57 41
14 99
49 85
81 33
83 63
62 4
87 81
31 41
51 81
16 73
55 41
65 96
15 76
81 53
68 11
46 70
22 50
83 9
70 61
58 69
28 57
100 16
86 30
12 33
39 16
93 34
24 83
61 40
37 30
71 45
24 60
41 11
92 23
42 55
65 68
30 30
29 57
2 32
74 21
92 93
18 62
7 92
55 27
83 15
10 29
54 52
7 26
92 14
42 65
51 74
46 88
23 51
38 51
99 15
26 82
70 63
16 83
30 11
90 61
44 96
57 62
60 54
42 4
67 15
47 28
15 1
79 94
8 4
45 37
9 3
49 14
54 36
18 15
90 44
26 77
25 100
91 88
93 57
87 21
28 43
2 88
4 71
12 69
16 79
56 69
18 12
30 95
97 53
82 76
96 10
74 27
55 83
51 46
15 33
22 82
82 82
89 78
33 85
51 22
97 30
71 81
13 5
2 85
65 58
91 27
27 76
20 56
68 65
20 23
89 96
86 3
61 6
77 81
79 36
53 34
24 3
42 96
78 74
43 48
83 23
93 78
83 37
54 55
26 30
29 93
2 23
62 10
53 61
4 42
71 66
38 16
41 36
78 92
88 17
93 17
100 20
41 24
63 30
30 80
77 90
2 2
52 8
6 51
46 42
71 11
80 55
7 23
89 24
69 55
11 9
89 56
93 26
55 51
1 65
80 53
10 96
91 32
99 76
38 29
88 35
18 29
35 91
41 96
54 68
31 10
43 21
100 84
18 90
53 2
6 47
82 45
34 72
94 50
92 8
61 81
8 37
29 81
73 15
1 7
31 77
35 99
44 78
83 6
31 88
75 34
6 22
55 22
35 28
11 55
32 76
32 13
43 34
58 94
20 14
21 77
62 22
82 2
73 59
27 88
80 41
67 13
4 41
68 82
72 10
89 10
22 65
11 49
63 2
34 5
13 48
77 77
33 4
80 83
13 20
9 16
98 23
44 97
67 62
53 64
71 56
83 42
68 62
19 62
96 43
27 100
67 37
57 83
51 11
37 28
29 13
53 32
49 48
6 63
63 65
51 35
15 14
77 79
35 43
24 42
32 17
32 39
17 95
55 19
68 89
12 20
64 33
77 18
65 95
76 14
47 67
69 84
29 43
82 50
39 19
66 83
16 82
80 56
72 74
41 98
43 30
84 17
8 46
18 94
68 18
78 81
90 48
11 26
70 34
42 30
81 63
2 10
91 82
25 2
77 28
43 52
71 32
33 68
94 28
62 93
63 72
9 50
92 25
20 82
56 20
93 63
48 33
85 2
90 29
81 43
77 99
31 24
1 31
27 27
61 36
10 83
32 36
25 22
44 81
20 46
90 30
49 23
49 31
7 29
41 71
72 91
91 51
98 53
97 58
55 90
82 9
90 21
32 4
87 17
14 32
61 82
19 16
13 67
60 61
28 69
56 52
31 68
73 63
14 55
5 38
63 44
79 49
25 49
74 16
88 82
57 8
13 60
73 92
44 37
28 84
70 84
58 13
37 97
87 15
8 97
94 9
40 55
59 24
19 57
54 84
66 88
91 65
16 8
52 75
24 39
68 33
56 93
2 50
60 8
72 18
42 71
12 79
73 49
58 26
11 46
7 51
77 52
96 94
87 53
85 62
13 9
79 1
8 98
68 71
68 14
14 9
6 19
3 65
63 27
41 61
44 9
95 37
86 55
75 63
89 29
27 47
79 43
27 58
48 60
19 18
6 13
40 94
19 86
97 73
8 16
70 74
95 100
69 38
21 85
40 93
40 77
45 94
7 48
98 48
46 85
23 61
66 81
27 53
11 79
76 91
35 84
90 52
91 15
63 56
7 21
76 49
92 91
53 66
80 70
53 74
32 19
47 65
