249 249 20 179 10000
210 25
173 25
53 174
124 127
79 62
11 142
113 229
108 17
161 5
221 50
13 236
28 202
78 211
73 224
83 109
227 244
50 163
153 12
76 7
222 65
199 5
72 136
233 161
94 192
5 40
183 49
235 160
158 79
135 176
64 90
57 182
137 245
182 75
18 243
197 187
112 6
35 5
86 205
63 57
229 18
131 150
82 44
236 190
176 167
118 115
138 175
136 55
174 22
142 141
14 181
65 183
236 121
32 19
175 191
151 131
189 91
121 210
138 100
182 134
211 84
211 166
80 113
75 219
140 54
184 106
208 119
240 16
38 102
237 241
156 141
83 29
28 154
29 209
136 114
150 100
149 219
197 206
111 241
163 92
217 220
35 78
231 182
193 7
214 156
43 105
38 62
228 65
179 93
130 248
179 66
129 246
124 227
203 100
149 108
225 18
216 41
146 28
31 77
55 26
219 15
189 30
17 163
242 235
205 188
176 43
184 15
17 34
31 38
207 198
50 214
122 16
77 182
189 38
121 93
116 245
9 176
15 176
233 117
66 210
49 118
137 170
138 105
122 220
13 94
34 94
111 23
247 29
116 205
62 58
83 103
77 141
42 159
205 191
21 49
172 83
29 199
208 74
90 62
162 119
220 114
104 115
74 199
33 180
32 65
131 146
62 59
50 235
32 1
44 211
150 41
73 125
94 149
57 56
158 190
17 91
56 81
188 79
119 118
193 15
149 109
238 228
24 246
54 103
198 9
161 110
86 134
64 34
74 76
72 36
28 131
224 50
177 1
154 42
119 112
230 5
175 83
198 91
245 34
23 119
12 11
37 249
235 76
226 182
175 232
117 46
197 104
234 207
246 148
215 47
137 218
179 50
193 124
45 135
76 121
47 211
197 102
246 231
194 72
175 118
233 19
27 228
235 164
155 80
177 65
187 128
179 182
111 221
166 17
40 124
175 38
127 106
234 150
214 143
2 32
62 65
213 227
109 93
25 194
7 230
138 67
227 55
191 207
132 21
184 188
163 184
25 150
176 82
108 40
212 64
137 75
73 174
208 44
144 11
15 162
217 27
53 234
96 87
64 201
133 123
219 210
119 57
168 151
17 216
54 176
110 57
22 27
178 22
192 52
136 215
221 118
128 133
99 172
148 220
123 34
42 130
122 51
86 95
217 71
130 139
64 234
124 178
20 170
137 108
16 227
60 56
228 192
237 20
204 1
86 190
142 25
69 67
119 69
211 16
101 17
158 32
133 157
70 218
184 244
239 111
158 191
114 241
183 98
205 202
57 112
211 222
83 207
210 137
69 21
120 149
63 182
154 123
11 160
108 209
11 196
62 133
231 209
219 98
52 131
103 1
92 166
173 28
100 68
249 220
207 58
154 189
166 91
81 197
198 226
249 167
186 178
217 204
221 190
21 62
115 168
159 35
5 95
217 56
37 52
4 119
149 224
134 192
36 98
60 86
204 107
103 102
89 53
103 29
247 190
134 185
222 169
16 225
239 98
188 245
181 61
74 65
139 209
98 78
117 142
126 172
38 76
122 7
40 137
151 235
54 158
148 131
38 174
221 43
246 144
28 25
11 203
99 213
51 96
60 130
169 241
220 141
215 174
111 115
49 205
78 134
16 186
124 177
42 59
238 10
231 223
24 58
195 45
1 145
135 114
5 244
20 249
197 226
4 213
219 149
69 240
138 203
137 14
98 215
32 26
186 199
150 94
64 247
95 108
235 119
24 136
141 182
61 100
70 214
176 24
196 70
243 179
118 103
52 24
76 248
122 115
97 234
215 35
134 236
13 124
49 67
225 179
150 67
3 59
12 192
10 207
137 74
159 169
91 165
21 241
37 143
242 194
161 40
144 92
65 154
191 28
216 98
129 155
185 132
121 223
107 46
34 133
235 99
93 64
165 151
184 91
184 131
140 215
230 91
154 85
36 120
66 215
54 247
3 120
122 230
8 25
99 214
32 189
33 70
12 170
234 244
63 136
192 57
126 212
67 163
220 98
76 238
14 36
157 226
242 26
60 73
72 223
141 186
43 38
167 150
76 9
226 57
54 90
210 125
82 51
90 84
70 238
61 107
102 48
161 170
124 218
70 237
39 165
49 2
109 105
126 240
136 51
105 124
184 58
107 159
202 178
133 230
184 133
211 56
90 17
234 141
51 186
196 162
198 25
46 1
26 90
244 230
234 227
119 160
111 37
225 90
249 124
188 31
49 176
99 158
179 164
81 128
57 66
206 151
160 61
17 74
92 209
202 248
107 179
53 52
120 174
132 216
53 1
157 214
152 34
142 223
11 169
188 43
54 134
89 119
98 114
7 164
113 200
30 161
176 248
223 114
124 8
114 198
6 1
101 61
237 138
107 49
168 168
83 226
84 67
57 96
3 106
219 14
146 72
105 73
61 238
237 86
166 220
71 149
244 151
53 195
106 171
176 4
72 193
65 181
44 225
181 41
21 166
2 97
151 77
67 158
233 134
168 141
74 184
26 56
217 116
99 177
101 116
2 225
1 134
47 190
209 13
7 6
185 216
246 74
242 4
196 224
136 100
182 242
241 76
214 160
65 139
129 79
151 144
52 92
207 201
181 76
169 168
148 59
198 66
48 172
138 109
155 249
136 140
114 97
48 232
238 202
154 160
162 8
176 67
231 84
103 216
63 149
175 29
6 140
181 159
86 142
25 193
35 27
90 97
95 222
3 128
101 90
185 205
138 195
165 71
149 103
168 130
180 78
97 170
13 206
24 208
221 207
181 64
55 50
229 19
57 45
123 33
177 135
181 185
249 233
234 118
219 235
82 71
75 6
86 55
54 86
167 153
121 15
32 114
123 205
97 16
18 213
148 225
89 161
241 194
105 138
10 199
199 217
37 200
64 33
50 35
109 186
235 2
52 49
65 188
214 103
36 202
113 21
109 46
5 233
114 175
94 79
30 93
178 155
40 152
85 80
141 44
27 172
83 15
121 122
40 170
78 51
165 34
152 136
63 83
18 92
24 54
135 219
110 24
57 225
227 58
6 33
150 225
217 189
168 152
127 130
168 34
249 53
194 75
173 125
159 117
228 62
141 21
201 177
74 191
26 82
146 207
200 2
76 49
224 11
33 68
65 179
26 167
115 181
15 10
214 208
52 67
136 142
139 238
28 172
108 247
61 105
191 2
155 114
105 217
11 27
247 154
230 12
205 145
105 135
70 128
225 35
103 244
137 39
145 103
61 125
188 111
12 156
106 136
240 161
110 9
191 236
48 240
5 198
221 120
173 195
235 168
234 33
168 240
218 37
200 143
138 101
123 173
100 100
230 57
193 202
152 92
121 134
244 101
106 52
227 89
145 204
64 121
40 162
131 186
142 173
71 162
107 48
241 52
247 7
12 217
123 16
225 159
184 186
131 29
104 160
161 87
21 30
194 149
220 206
112 187
59 135
191 57
96 223
191 30
58 123
147 152
171 137
105 2
248 123
59 231
199 57
178 98
229 235
2 241
16 161
25 29
249 212
245 115
209 31
233 153
135 79
135 180
181 193
77 243
104 213
242 154
89 115
221 77
226 132
23 205
193 148
217 103
16 224
1 102
82 178
244 194
170 190
212 190
41 233
131 217
203 185
166 189
69 34
130 193
206 162
70 76
27 5
218 23
14 172
68 45
181 235
160 51
4 115
6 39
135 152
80 202
32 194
195 120
156 126
61 200
24 73
211 160
137 56
249 108
187 237
200 134
232 204
130 61
146 103
198 80
178 183
113 68
71 127
94 68
237 180
194 157
19 32
242 116
220 135
12 24
231 116
55 168
32 218
209 35
21 33
59 137
119 103
5 63
163 34
96 148
199 52
144 13
66 37
161 236
235 87
249 61
194 19
133 246
190 236
58 97
19 242
146 182
40 112
48 109
223 60
98 20
52 63
207 36
183 38
56 208
89 155
200 58
204 172
45 140
163 235
156 107
34 170
234 63
17 66
121 66
130 67
218 43
132 174
202 169
189 58
16 237
194 146
17 75
124 235
215 26
141 226
212 21
198 114
71 30
136 214
140 64
215 60
186 154
73 178
211 85
171 54
194 189
101 133
18 118
183 247
61 166
207 20
8 157
160 24
43 13
142 202
67 101
13 143
95 96
51 205
208 200
241 72
73 4
218 90
228 132
217 123
125 188
173 162
231 7
189 26
73 97
149 30
142 175
67 84
176 27
66 225
106 241
219 154
49 168
14 171
35 22
35 208
203 106
19 213
37 210
248 221
244 26
58 235
241 2
38 136
202 123
103 105
17 157
128 161
1 210
174 188
67 33
168 140
73 33
157 206
185 58
125 1
112 37
140 158
138 162
180 41
220 87
18 76
190 168
160 28
188 143
101 112
22 118
219 137
173 134
6 195
41 74
43 214
14 40
50 26
78 103
64 120
187 169
164 139
224 232
201 142
155 152
71 56
70 93
104 1
105 125
235 3
62 25
170 168
74 123
67 213
27 132
78 29
218 174
153 66
66 47
76 103
230 102
245 32
101 134
55 114
127 22
21 221
55 162
117 125
199 50
102 241
177 172
173 3
93 206
99 144
7 46
52 212
27 30
159 192
230 33
121 193
158 142
40 213
174 229
182 55
87 10
194 24
191 8
122 112
246 169
120 184
188 151
87 232
194 151
229 87
46 193
169 34
29 102
226 111
172 203
108 135
213 116
12 118
205 37
10 6
28 20
89 16
99 26
82 132
167 106
1 158
107 134
130 16
229 71
17 65
150 55
77 249
95 161
100 227
79 23
238 168
131 236
75 69
126 86
164 209
146 243
195 234
3 101
159 19
100 245
53 237
213 238
30 111
136 199
141 89
30 163
160 209
125 214
50 167
5 224
191 204
219 77
67 240
103 82
129 215
172 94
177 197
85 151
104 107
175 26
198 225
166 138
9 213
206 88
55 197
190 139
38 9
151 34
199 9
61 84
110 230
180 70
166 116
196 243
186 218
149 95
26 33
3 71
224 185
13 13
220 25
99 125
28 214
4 135
42 11
74 66
230 187
77 152
10 165
248 226
181 187
121 185
123 225
205 24
206 85
184 166
22 249
87 186
22 91
214 48
20 79
158 65
34 9
68 90
45 4
131 20
31 184
34 224
212 133
11 139
13 171
118 244
34 215
203 33
165 84
27 162
142 203
219 165
114 152
209 30
174 249
208 55
205 32
237 196
218 141
113 7
211 213
178 249
187 81
138 64
116 192
181 71
174 185
148 183
177 126
36 129
152 248
226 70
86 71
116 220
197 88
134 202
120 58
225 170
156 77
79 228
76 228
216 45
92 137
227 69
154 175
29 59
129 175
4 203
237 123
131 118
116 172
249 32
44 34
175 239
220 95
198 184
24 173
50 151
231 152
234 58
45 31
209 177
246 245
166 181
215 186
21 201
7 128
12 161
96 133
115 219
117 17
58 198
60 54
20 203
159 154
175 189
33 46
43 57
196 77
158 154
133 53
182 143
167 85
71 238
196 2
46 141
166 166
119 54
195 136
39 232
126 122
29 80
44 61
65 111
129 145
195 163
51 232
248 77
114 109
97 78
6 158
163 208
224 43
225 178
160 46
86 102
45 82
28 115
98 152
9 206
231 100
120 147
247 96
170 220
29 64
12 13
31 114
107 79
183 72
96 143
159 23
206 9
236 113
160 200
65 135
43 170
223 18
157 186
226 127
213 123
1 117
242 143
127 115
205 120
218 104
82 166
119 171
14 228
183 95
167 9
163 63
31 34
113 148
156 10
213 174
210 165
29 236
220 93
249 146
230 155
42 166
160 108
190 209
183 123
28 207
45 236
205 229
29 38
190 170
99 235
157 199
61 61
23 190
129 3
197 181
144 215
151 212
189 223
245 215
211 132
72 183
40 96
104 164
29 127
34 186
95 131
228 25
227 105
54 47
156 34
121 183
100 38
77 120
156 164
159 32
30 52
156 71
121 135
5 225
130 105
72 89
245 174
101 175
246 117
15 102
192 68
138 194
173 224
156 21
153 175
22 148
151 163
112 150
232 139
1 243
74 212
53 192
210 228
56 247
95 202
224 126
210 206
185 164
237 94
120 47
138 3
35 147
33 204
133 238
204 119
172 153
11 1
37 60
217 234
151 9
191 182
129 62
106 186
220 106
33 244
156 103
73 63
187 31
183 31
82 158
49 21
8 40
207 41
47 158
119 26
203 186
120 201
74 91
125 238
130 12
185 117
94 132
33 222
224 101
87 249
137 95
208 52
78 200
19 127
208 12
148 40
43 146
46 137
81 116
120 107
218 190
159 226
186 206
144 126
237 81
157 86
34 129
227 237
83 106
104 156
130 244
12 137
200 128
16 8
99 4
183 154
181 19
27 221
62 115
41 53
220 172
215 215
36 32
188 19
83 97
54 30
99 23
124 105
86 82
10 62
67 65
223 140
99 199
30 6
188 69
109 70
63 126
106 180
160 23
14 51
116 185
86 164
166 65
134 152
93 83
117 163
66 162
161 16
99 206
140 100
232 3
163 100
15 141
71 95
187 3
52 149
65 4
166 121
222 190
113 34
52 78
213 187
238 170
77 241
84 188
23 58
139 69
125 152
158 125
65 191
235 67
34 248
12 148
247 120
168 5
202 48
241 77
83 38
93 67
90 223
184 192
243 94
133 49
19 184
65 236
16 133
102 191
142 111
159 224
135 143
230 109
32 190
224 91
20 156
170 29
174 50
195 166
136 99
9 122
93 159
140 227
14 104
50 156
119 165
241 127
149 13
110 225
54 196
35 7
41 93
79 64
215 114
168 78
132 200
248 178
130 214
171 239
126 151
158 73
118 138
249 22
206 39
198 35
8 231
85 103
137 16
242 12
8 107
154 164
13 15
28 63
201 165
70 64
141 183
71 134
199 63
175 91
73 19
81 170
167 134
164 53
19 203
152 45
5 22
213 182
153 146
213 76
160 1
130 133
69 225
249 117
87 18
16 41
114 239
30 227
92 170
193 174
121 49
114 168
73 151
156 158
29 187
114 227
145 136
25 25
143 165
221 128
163 134
23 94
39 224
14 6
127 30
222 181
102 58
4 216
237 90
48 138
213 220
227 234
82 164
71 1
219 96
199 242
158 236
188 11
151 81
177 180
92 100
10 110
183 233
208 186
126 65
246 20
180 101
143 62
31 96
242 79
210 135
57 1
126 28
154 209
79 116
115 172
192 156
138 98
5 28
210 138
34 27
52 213
183 139
107 86
174 177
178 144
247 35
106 149
198 87
201 21
111 102
221 56
229 75
211 13
208 219
131 98
54 154
218 152
123 148
130 189
183 238
105 131
113 240
226 141
62 75
232 184
61 119
2 63
120 19
210 105
52 190
147 229
12 130
64 172
30 174
231 24
117 132
215 58
100 95
159 158
158 205
212 182
77 50
30 194
69 113
86 34
57 57
127 27
136 150
106 182
1 234
156 173
91 54
45 90
106 205
108 92
92 176
56 153
80 123
72 154
234 112
150 56
241 169
134 74
117 210
158 118
44 44
230 200
113 227
28 130
211 74
9 85
56 224
47 239
241 210
63 167
179 38
222 66
166 103
71 169
82 86
37 247
88 10
53 191
200 244
99 208
221 18
40 8
50 62
191 115
207 116
117 72
237 36
198 45
191 75
120 215
227 239
183 103
165 164
213 62
137 6
75 200
113 134
33 202
151 56
200 166
199 169
9 79
30 217
39 162
16 195
59 202
215 187
195 202
213 179
218 148
153 241
173 163
92 55
59 199
8 17
188 64
98 156
15 50
123 154
58 31
34 121
97 180
249 89
144 52
225 203
239 61
27 220
203 218
195 170
23 49
231 156
119 156
113 30
50 241
48 42
33 173
3 79
202 32
91 210
114 103
218 36
46 119
209 169
218 101
187 247
122 219
45 155
189 151
167 229
130 234
110 27
46 17
19 26
3 117
130 226
69 145
244 154
118 193
155 81
21 38
43 128
157 189
183 167
6 54
126 55
97 207
47 17
228 185
60 62
100 159
76 144
135 22
111 55
36 146
12 154
196 178
115 47
154 51
199 175
86 167
110 75
141 78
39 125
247 232
230 185
67 242
200 50
95 126
126 5
223 74
114 44
117 103
137 135
213 247
108 100
242 128
49 1
205 175
55 136
15 35
198 69
96 115
146 152
103 40
205 65
242 112
189 64
220 169
244 132
162 33
159 8
151 73
205 118
108 194
136 50
27 146
16 198
168 91
141 95
110 215
103 195
117 180
106 240
104 67
249 102
46 11
236 97
219 38
94 65
2 169
16 55
8 198
10 59
139 64
98 248
217 108
135 27
148 25
95 237
158 144
42 213
185 245
248 128
81 169
44 208
80 43
249 154
79 16
142 188
51 198
191 210
2 60
118 112
190 128
167 87
130 109
9 125
215 131
14 159
127 134
234 159
229 213
180 32
241 68
103 239
8 242
6 128
41 185
216 241
38 181
122 244
147 65
11 109
87 144
10 51
249 119
189 14
29 39
186 42
123 216
49 227
181 29
38 197
168 120
191 193
175 84
215 10
130 49
69 95
125 213
98 80
34 106
244 82
180 219
231 219
114 33
63 218
193 169
220 16
154 233
31 188
41 190
219 86
174 193
245 123
158 108
72 242
236 11
109 22
204 229
152 146
204 56
39 92
38 45
222 58
27 21
172 81
170 154
17 202
68 247
78 101
118 38
214 115
206 84
56 44
240 174
229 117
51 65
216 150
217 91
62 210
186 243
217 175
120 155
101 138
223 194
24 170
94 238
212 17
240 216
182 102
178 85
76 62
115 240
104 44
25 132
48 123
241 195
125 195
248 36
31 66
153 64
74 234
178 151
118 212
16 154
105 241
240 211
248 129
28 71
53 206
233 211
125 228
203 136
47 113
1 245
157 205
47 19
144 97
232 52
158 52
120 59
227 191
170 248
66 143
246 57
170 139
192 38
177 166
114 4
12 42
46 101
146 109
4 26
156 82
215 204
176 19
82 78
187 5
139 3
66 112
97 57
52 161
177 241
27 28
231 158
33 100
34 30
184 113
2 89
95 47
76 169
230 152
6 210
103 165
239 203
201 135
131 147
57 69
211 70
54 60
206 55
44 18
213 20
69 83
1 129
214 225
101 69
209 240
152 108
11 151
148 230
3 175
138 215
223 127
201 139
147 22
107 37
46 150
128 61
78 239
24 17
25 125
40 233
172 143
84 20
150 61
22 39
98 136
145 231
87 221
134 246
52 155
171 129
40 226
178 95
136 60
190 35
20 111
224 188
127 226
24 248
243 82
162 234
139 96
25 3
179 231
9 103
169 179
90 1
223 203
237 212
43 10
178 31
31 59
125 246
241 48
102 162
224 102
103 201
129 47
80 11
6 153
59 114
58 92
123 213
42 247
112 207
26 57
94 215
203 148
125 247
68 27
108 156
242 133
44 93
156 70
191 31
22 114
189 125
92 102
27 40
213 70
40 157
30 97
74 133
221 8
150 17
73 141
244 22
10 13
196 51
185 45
104 173
92 91
129 182
7 31
64 125
56 178
123 24
27 237
47 111
173 147
117 148
30 24
211 119
116 96
4 134
224 79
14 98
130 78
113 55
155 187
87 192
7 135
36 212
120 22
218 156
153 244
122 120
47 46
94 12
151 140
186 150
237 240
188 2
5 71
101 211
10 36
176 116
41 32
142 5
214 194
99 201
189 178
107 107
162 149
52 144
161 206
198 131
176 44
139 134
14 183
172 217
43 226
190 6
104 77
247 101
101 197
245 158
190 244
41 10
219 8
51 52
169 122
8 133
172 112
82 36
202 111
153 180
146 176
65 249
234 182
145 86
30 106
157 166
128 73
30 158
120 102
106 10
84 234
202 58
169 204
151 227
2 104
181 167
48 70
132 62
90 242
64 154
16 85
126 91
203 183
131 2
104 243
63 48
155 32
95 232
1 94
227 81
53 137
233 93
207 18
156 228
154 105
168 184
209 90
167 93
229 127
31 52
167 10
41 212
198 140
23 225
114 116
81 145
22 73
110 212
176 230
75 249
119 157
120 197
58 73
138 171
49 79
212 185
39 13
203 32
198 196
8 112
239 140
149 70
3 98
93 147
155 174
68 238
159 232
176 201
198 194
178 2
130 112
130 142
13 198
121 84
143 104
170 209
49 239
152 182
217 45
184 130
160 148
225 114
200 181
193 193
211 71
215 184
74 192
209 27
200 95
26 1
225 71
153 199
97 232
18 139
110 10
23 34
48 92
174 127
125 160
117 25
211 248
109 182
101 56
33 61
62 209
82 195
239 237
108 8
26 149
135 3
142 44
193 191
14 211
21 75
127 88
162 144
93 87
176 60
2 40
30 192
70 36
125 241
158 111
15 34
177 151
230 167
233 223
232 230
159 94
30 149
147 246
101 3
12 57
32 231
168 55
143 231
240 45
141 101
241 163
134 242
240 206
79 200
145 79
52 206
149 84
22 197
93 125
230 137
233 128
162 210
24 159
100 225
145 72
235 26
157 2
214 166
27 184
73 158
138 248
222 67
37 91
241 244
243 16
72 169
175 196
205 110
158 98
93 150
141 170
135 122
65 189
118 189
191 26
170 35
173 27
61 138
218 32
132 16
181 206
38 69
179 158
94 227
52 202
134 117
83 194
196 20
95 124
92 97
94 19
22 149
185 181
118 68
155 113
186 111
129 51
91 184
124 63
175 27
208 248
247 245
81 245
70 18
163 49
177 13
171 7
154 60
18 238
39 188
197 143
116 55
92 34
204 113
234 85
123 193
124 242
89 216
232 147
101 96
186 121
178 181
129 114
147 145
126 62
206 76
239 152
95 30
17 102
223 183
146 47
207 234
127 20
50 32
117 22
21 240
153 249
124 132
37 136
68 175
219 133
241 164
93 10
9 162
143 241
182 125
248 119
130 129
216 32
229 167
206 185
9 69
1 79
78 150
159 128
44 248
140 133
139 142
43 104
148 127
188 13
226 124
67 223
203 63
140 148
221 226
92 188
104 209
139 196
144 42
172 79
46 76
53 247
126 94
153 88
63 181
34 42
232 8
163 222
218 228
204 52
141 1
147 192
32 200
190 157
17 220
27 241
163 53
46 20
135 160
10 195
117 223
40 140
43 198
206 225
3 6
197 133
146 165
43 65
150 95
181 157
149 177
34 241
93 51
117 248
52 90
143 69
75 202
140 16
46 84
179 84
28 186
124 21
160 177
88 27
223 246
170 234
57 188
14 149
79 229
119 77
211 149
126 105
92 47
67 29
238 176
217 165
160 77
107 40
60 14
148 27
147 232
240 190
28 117
48 249
196 133
19 239
239 178
236 218
161 135
214 164
26 202
51 236
2 49
41 162
198 24
152 74
161 213
68 67
205 104
157 174
100 215
102 90
216 84
189 19
72 234
131 105
33 146
43 203
208 241
184 4
105 79
4 150
189 3
166 85
62 225
181 170
21 99
66 182
100 7
206 111
86 40
135 201
189 142
73 24
199 157
55 207
176 7
18 11
204 39
226 83
83 185
244 172
162 147
17 156
20 16
155 78
227 65
84 223
2 15
247 45
124 101
179 70
58 151
241 10
8 108
219 62
227 79
215 232
213 245
120 82
191 61
17 71
159 204
147 33
52 108
180 91
123 129
35 165
3 67
117 249
115 246
131 159
65 160
216 170
219 48
122 222
58 180
246 242
89 160
96 163
161 85
145 207
57 141
85 100
217 64
194 181
239 242
160 222
117 42
200 41
1 208
187 93
73 91
11 14
175 157
233 157
171 155
176 231
60 39
103 209
182 115
1 229
174 173
27 53
136 173
229 151
32 116
234 123
171 71
136 153
175 96
165 56
135 136
237 22
237 43
78 216
163 233
5 182
43 173
81 54
155 220
7 213
81 130
29 221
214 97
115 67
187 64
166 71
132 73
162 233
3 58
91 248
167 90
69 182
116 94
97 143
113 147
1 93
20 45
139 222
2 81
23 179
195 124
72 208
202 57
34 86
93 33
146 71
160 2
3 64
25 106
24 2
216 236
61 89
160 145
179 65
181 165
100 5
74 70
183 217
38 52
36 108
198 216
25 153
56 71
144 66
91 32
235 24
208 129
169 167
15 126
122 121
235 109
187 123
157 137
71 143
249 142
231 185
247 38
114 48
228 91
178 101
59 161
20 228
156 225
156 135
48 164
141 17
46 110
216 185
148 205
32 21
111 192
20 210
185 67
81 32
68 88
40 247
200 238
158 18
91 81
30 3
156 199
29 191
147 67
8 18
28 150
35 152
228 203
6 170
47 206
35 113
221 13
85 1
80 40
119 204
169 190
115 112
142 221
85 102
173 111
75 155
62 22
174 234
183 41
109 137
31 161
88 73
108 60
42 16
2 245
20 165
54 137
220 23
109 225
103 115
122 89
54 46
176 110
25 184
67 12
243 184
106 212
48 151
99 82
217 42
31 241
242 226
52 85
18 196
159 61
17 190
47 18
89 126
142 15
30 224
181 31
203 82
209 98
1 209
235 183
25 170
63 189
161 211
134 43
66 134
43 122
90 184
184 98
39 88
57 80
194 118
74 10
86 209
23 71
82 138
139 184
164 130
83 228
72 69
141 181
63 30
75 196
96 185
64 191
61 186
30 80
238 182
180 97
230 224
173 237
175 82
121 114
124 76
202 145
243 111
228 3
112 130
155 19
157 118
97 100
52 184
105 98
1 25
133 84
15 171
185 207
176 86
164 118
167 15
121 92
229 228
106 125
238 246
124 154
125 183
242 208
209 162
107 106
204 47
17 185
179 28
27 159
129 165
90 221
58 69
106 114
90 171
1 149
161 172
68 34
157 219
99 110
190 33
132 233
10 172
235 30
97 9
31 116
73 247
229 174
42 69
31 107
87 26
88 85
34 197
240 163
248 243
156 230
28 136
29 70
92 197
25 187
136 187
211 89
206 99
99 36
46 233
196 138
32 13
8 43
207 146
196 106
192 140
64 122
149 150
234 144
143 220
30 186
232 19
43 224
7 221
18 177
42 48
166 139
100 223
165 176
177 229
79 90
103 12
73 83
170 125
63 95
115 110
4 133
111 230
105 33
101 238
86 100
88 201
2 221
127 157
158 232
167 203
207 240
51 7
233 44
30 191
100 6
99 115
182 156
81 139
222 46
152 241
56 19
40 249
201 7
20 52
78 215
137 193
183 150
159 109
155 8
52 15
161 239
121 75
151 192
233 10
69 8
129 121
167 51
119 41
141 199
54 37
108 114
35 199
24 44
241 18
195 117
222 226
178 65
39 174
85 225
145 113
63 192
239 64
138 169
164 111
150 150
159 27
111 108
85 227
158 130
74 27
9 65
109 247
1 82
131 233
23 187
159 206
239 206
247 27
77 55
143 212
233 187
78 136
81 175
191 125
78 166
144 7
189 61
38 208
66 41
90 92
87 133
36 218
166 102
70 202
16 236
132 75
174 36
103 4
173 218
213 60
121 228
144 70
152 222
43 188
220 81
171 5
59 46
24 171
58 120
35 201
188 132
192 154
124 150
187 179
106 37
60 199
27 83
230 160
159 171
148 198
122 224
46 210
8 216
7 180
205 130
81 214
1 78
179 18
114 93
68 93
134 163
76 33
211 54
25 231
169 28
142 92
39 31
135 59
101 23
73 216
122 87
31 185
164 190
78 197
203 21
140 241
185 3
1 191
203 165
40 104
39 76
105 203
125 155
60 213
62 47
93 132
31 189
94 165
206 135
43 166
247 114
189 77
66 87
38 119
174 101
175 148
143 177
236 222
124 42
223 106
249 94
67 131
28 213
194 95
131 225
22 77
171 147
128 67
19 155
214 122
157 104
138 152
157 108
242 153
124 35
240 19
69 80
19 138
187 156
239 38
111 130
221 137
2 31
123 20
172 123
12 143
221 101
229 34
18 5
95 175
174 57
2 61
202 113
45 192
222 53
45 7
86 222
112 224
247 239
18 101
58 1
35 31
57 98
159 186
212 137
221 121
32 7
114 9
65 58
54 151
131 104
113 140
37 108
217 82
118 18
103 111
19 246
44 12
156 145
213 13
173 69
122 207
186 29
123 64
11 153
41 73
63 56
59 131
217 240
25 91
213 237
196 195
11 239
213 198
58 62
187 25
6 57
74 130
90 56
96 16
217 205
113 196
184 215
103 87
89 73
175 213
188 212
62 158
192 224
35 202
168 65
27 17
37 56
39 202
214 171
244 65
34 91
22 5
49 195
77 28
81 80
208 171
208 197
181 212
40 219
215 246
216 47
145 192
60 42
10 83
115 158
189 129
181 249
16 238
29 207
110 8
232 141
118 109
90 65
206 22
132 80
7 227
81 242
6 141
135 128
180 42
70 183
17 128
166 219
77 99
62 39
122 10
175 164
102 176
172 28
115 1
247 235
48 120
120 128
244 80
151 137
149 49
166 63
192 206
39 34
59 155
204 54
125 53
122 155
153 140
71 103
133 130
151 182
121 32
192 194
82 125
75 84
104 148
182 163
219 24
85 52
244 144
35 98
88 50
120 162
71 116
31 165
85 221
170 131
2 138
174 31
40 236
214 16
122 127
11 223
60 194
54 123
221 38
139 136
35 122
98 130
105 161
30 168
159 106
127 74
63 199
135 166
90 111
99 118
249 60
163 48
44 85
66 104
212 234
51 134
78 61
215 44
148 83
11 36
244 34
174 242
172 154
244 47
16 244
97 136
177 47
180 153
34 74
245 182
29 112
163 183
182 155
28 152
101 231
170 191
148 146
4 175
230 20
225 25
138 52
100 97
151 174
242 195
70 115
25 235
116 232
195 161
171 236
200 149
61 63
247 46
231 27
231 104
27 164
117 247
42 245
171 113
121 249
23 191
119 163
69 209
116 14
63 204
66 122
49 42
202 114
73 55
137 53
119 105
172 36
68 207
120 237
182 67
161 214
244 56
155 222
205 194
229 223
243 191
157 179
53 92
26 220
212 141
193 65
91 12
148 143
16 157
149 188
29 53
134 123
85 200
145 60
205 238
147 129
41 105
162 228
35 87
115 90
25 233
4 161
26 192
97 118
211 205
197 122
113 232
60 177
76 96
172 6
68 101
131 170
217 129
183 246
80 47
36 136
134 47
141 194
103 141
182 162
16 48
78 179
207 66
43 58
243 41
208 245
207 100
209 84
113 105
57 39
12 184
155 138
13 115
242 25
52 164
23 241
152 115
219 104
38 85
68 12
42 40
87 187
51 6
43 70
48 3
49 208
115 71
101 34
95 41
126 213
147 47
199 87
4 61
144 32
60 58
39 119
218 239
230 25
244 25
249 205
181 127
84 158
109 156
93 202
248 158
70 37
15 149
63 133
164 244
10 198
223 186
151 237
32 94
112 131
55 151
130 198
173 68
202 71
180 193
173 144
81 160
192 17
106 189
158 93
237 216
18 165
187 249
245 188
68 203
169 6
58 239
97 96
200 224
27 239
6 220
30 35
103 242
209 45
9 75
193 135
124 247
198 151
150 99
2 121
166 142
212 8
175 44
85 75
247 61
110 17
187 105
15 30
216 161
49 109
244 121
29 136
91 106
169 134
84 227
38 161
51 1
39 85
241 202
137 67
66 39
109 152
138 157
163 97
194 106
134 151
89 28
4 187
214 68
107 170
196 205
190 95
238 208
188 48
58 42
219 42
231 29
97 26
135 199
94 224
94 107
110 177
242 23
149 144
204 180
128 93
239 107
50 87
62 96
173 52
187 89
116 74
142 137
50 143
176 144
48 132
234 128
249 171
71 12
226 45
197 33
225 31
156 86
94 128
193 84
218 114
81 38
132 183
140 178
7 19
98 193
49 143
192 31
156 45
49 220
218 47
107 26
38 23
145 88
102 209
235 83
51 120
180 33
218 16
45 21
181 109
87 62
30 157
103 146
246 37
125 49
76 73
86 121
181 68
87 47
31 23
182 226
230 192
168 228
213 120
80 231
115 118
121 182
231 191
104 214
44 246
7 184
67 201
94 240
119 208
87 162
176 8
190 247
5 212
112 123
111 194
243 131
113 234
247 28
145 235
128 39
63 34
133 121
176 233
188 109
141 236
98 213
136 237
80 174
43 14
1 169
174 138
245 154
115 72
99 143
41 163
125 233
36 226
91 77
243 65
42 89
144 35
175 17
202 232
79 225
67 11
215 244
134 9
11 44
205 180
174 38
56 123
247 142
30 48
128 32
105 63
179 31
158 11
64 164
7 139
34 181
83 217
180 197
181 18
5 146
30 133
204 63
233 191
135 9
214 53
232 42
93 168
230 164
234 79
78 22
42 98
25 175
103 35
139 77
129 116
178 102
30 132
231 129
187 44
225 139
229 198
249 62
188 171
125 224
245 199
200 52
106 206
218 134
44 108
194 103
193 139
49 36
241 176
57 184
242 161
70 235
91 36
112 64
245 236
98 77
26 229
224 160
65 142
131 183
195 187
188 150
63 94
82 233
196 18
88 32
102 246
127 190
168 203
171 53
208 156
222 160
23 245
140 245
153 8
154 163
86 106
219 23
201 86
177 90
102 230
243 110
245 214
175 228
129 15
7 47
86 132
77 117
68 228
128 23
93 88
49 236
97 145
189 36
21 122
192 19
228 117
126 138
203 72
14 187
20 109
146 246
142 7
161 179
172 188
156 44
239 135
170 143
16 207
206 201
168 156
231 12
135 200
205 179
130 65
218 159
147 228
139 110
12 162
238 130
102 173
69 7
174 16
189 201
38 245
138 128
92 20
170 183
79 189
155 54
180 69
224 163
38 115
175 221
13 211
158 161
91 4
198 207
92 65
22 16
87 124
23 216
12 200
214 191
221 20
129 11
107 171
127 8
145 9
210 44
177 55
77 20
86 52
180 218
234 71
185 2
11 88
185 27
240 167
125 21
22 57
140 153
24 57
43 230
177 17
33 179
9 185
84 5
104 20
55 18
139 149
184 245
34 168
188 35
15 144
207 45
235 45
197 116
183 10
129 40
246 27
163 135
214 244
216 17
71 32
45 43
120 210
222 119
90 115
243 185
185 177
98 30
46 27
120 169
159 66
32 212
17 123
97 247
71 22
117 170
209 150
229 48
97 160
41 137
69 187
181 16
88 95
182 86
55 27
101 111
233 58
59 15
44 49
74 41
79 81
213 94
208 201
141 96
195 151
91 40
116 51
92 145
64 57
119 53
217 208
177 218
189 45
46 135
96 181
233 229
191 71
223 7
186 130
92 76
155 40
33 225
72 59
172 236
79 202
55 62
6 207
232 6
235 211
212 164
61 156
47 156
7 14
219 2
143 186
231 62
220 63
156 32
39 223
207 17
13 117
196 57
209 113
60 11
200 108
213 38
122 213
27 207
174 92
43 112
74 77
142 125
51 33
118 64
52 205
7 23
98 153
10 249
95 130
212 232
168 125
98 217
180 77
143 207
153 78
142 47
113 205
177 10
201 192
234 122
201 176
28 9
203 122
148 124
176 46
220 32
40 235
74 216
140 242
214 217
96 198
249 190
29 118
165 70
44 120
231 55
83 79
75 218
139 43
50 91
95 42
85 134
33 245
10 98
163 224
158 38
95 139
134 103
214 6
157 25
16 223
246 15
45 125
157 140
188 234
123 194
29 126
184 224
160 56
237 205
186 41
99 21
193 205
173 206
122 242
75 201
198 99
71 68
161 223
249 210
82 93
95 5
232 105
118 195
210 61
182 2
174 120
123 91
139 200
149 58
243 27
238 245
165 200
170 176
249 5
96 180
238 85
158 193
20 102
236 145
85 154
161 72
206 33
44 5
84 114
13 19
169 26
134 245
89 231
188 38
36 49
58 194
192 134
34 187
62 162
53 161
214 73
20 72
55 199
21 197
125 225
65 196
214 246
43 2
108 105
59 111
23 136
240 60
47 169
66 45
42 80
165 192
207 166
179 81
120 204
66 99
128 88
246 29
238 34
126 192
207 244
81 235
212 1
19 176
14 230
14 184
171 194
33 112
213 231
68 82
67 175
234 22
142 186
243 239
31 196
131 185
183 165
177 63
125 100
217 38
127 2
176 63
5 128
188 186
70 107
183 226
198 149
13 126
242 191
219 64
47 116
163 21
177 226
211 12
246 10
86 27
68 246
217 50
149 112
50 64
136 218
38 14
82 102
145 47
32 242
218 108
184 235
168 69
231 82
198 130
12 98
151 28
215 19
87 145
146 190
99 106
83 91
182 133
87 99
111 190
127 192
172 180
197 210
124 79
58 21
42 154
236 115
58 135
65 129
55 30
248 126
154 95
116 54
108 224
51 56
187 17
174 70
242 173
140 65
27 206
234 11
237 38
148 206
72 111
93 122
118 227
27 245
3 112
33 219
234 37
229 122
56 136
103 112
52 101
64 99
55 187
18 247
95 137
8 179
4 147
170 4
134 189
86 161
119 28
48 162
122 235
53 118
34 112
80 4
79 245
68 165
173 13
65 161
131 103
62 44
166 15
108 63
183 229
119 31
157 114
71 185
238 167
129 179
3 11
40 153
100 114
193 141
63 154
222 151
61 55
172 149
145 189
194 191
71 27
31 102
18 145
125 114
111 178
193 179
168 200
154 116
96 30
234 119
131 58
119 4
210 207
84 88
60 2
99 200
161 228
216 105
45 40
112 198
205 119
214 116
190 216
188 107
9 249
86 159
107 59
93 138
188 231
199 198
238 184
116 230
41 223
249 74
65 219
1 150
163 71
245 204
67 178
134 165
247 228
182 204
9 140
173 131
245 93
226 63
115 119
166 150
178 45
169 158
208 64
85 195
145 99
53 69
104 19
110 77
116 146
178 246
41 113
235 50
119 206
139 33
44 122
151 149
34 161
11 141
174 47
15 146
113 19
79 2
19 249
105 54
26 144
9 55
168 157
113 92
173 77
134 4
235 52
16 159
160 19
204 157
164 11
234 145
56 210
87 156
240 65
175 165
155 229
56 73
1 200
82 162
233 113
175 200
227 185
92 33
149 195
132 77
133 206
18 215
147 24
33 231
140 105
228 191
212 210
31 187
125 187
34 3
9 244
222 227
97 113
240 208
244 116
167 71
90 230
225 80
113 175
149 77
246 48
205 84
6 229
65 62
133 181
239 13
3 111
3 236
213 99
231 148
22 11
230 42
234 10
136 133
236 209
195 200
131 137
237 100
36 134
129 22
238 106
170 55
174 189
182 213
109 66
42 174
103 88
179 100
197 50
217 57
190 193
55 177
105 155
147 34
248 113
35 30
74 206
247 152
124 121
17 11
41 143
41 169
104 126
83 77
194 99
225 215
19 123
51 83
196 98
33 140
161 32
75 102
166 31
96 231
58 153
10 90
69 137
243 5
202 14
22 75
56 242
35 10
84 153
203 191
62 12
1 68
145 247
216 113
116 170
179 112
89 179
13 179
181 107
222 68
38 79
34 217
23 52
123 28
136 190
55 86
186 35
239 6
225 202
201 53
219 92
15 166
172 26
173 197
154 83
197 21
139 51
41 209
167 212
221 31
134 28
132 95
47 41
144 3
191 201
241 248
3 29
165 194
51 75
93 221
163 194
116 88
66 146
61 11
223 117
150 223
66 240
140 127
150 245
101 188
79 177
98 75
95 219
57 178
67 91
73 13
174 82
134 124
37 84
157 156
129 213
135 126
234 26
190 42
49 240
109 180
138 45
12 56
78 7
126 150
138 228
194 31
188 130
88 75
90 121
58 38
111 172
57 61
4 180
187 246
162 4
97 245
125 184
206 125
136 91
156 92
174 200
9 197
123 109
213 170
236 14
240 62
125 202
40 70
90 183
171 237
228 71
82 17
153 60
5 70
38 118
105 23
201 89
166 234
239 139
39 103
63 128
25 117
200 101
27 104
33 81
213 152
180 13
187 71
102 223
190 22
74 56
184 40
49 151
211 176
206 187
66 170
47 138
89 190
176 125
28 144
202 134
69 185
189 96
151 41
130 89
182 70
50 186
150 214
69 38
86 238
167 217
144 28
69 248
199 163
116 238
173 139
169 94
143 185
119 224
114 126
24 202
248 137
34 85
105 56
187 83
227 74
180 185
239 160
109 144
118 104
244 37
100 246
238 194
198 109
101 245
172 46
193 97
85 148
229 8
93 211
182 24
9 143
231 192
36 231
159 50
128 85
82 239
25 120
186 188
15 46
221 55
58 3
165 246
159 18
61 151
35 218
114 15
174 245
124 157
86 30
183 106
192 119
116 114
95 98
134 160
210 111
22 105
234 78
222 120
229 214
21 68
162 78
50 42
42 139
199 123
135 204
34 211
30 82
158 90
130 183
26 207
244 77
5 222
233 64
58 167
232 169
240 137
52 241
241 8
144 174
40 197
126 73
49 99
96 9
165 99
241 141
52 104
24 164
184 239
227 143
123 86
179 64
52 196
246 133
150 119
98 57
176 238
74 47
211 235
154 39
36 207
210 48
196 225
243 227
131 207
151 44
42 4
5 192
113 69
133 117
34 35
153 22
97 210
76 205
50 31
93 38
213 114
69 170
93 93
141 12
34 131
17 51
186 156
106 91
249 20
155 13
91 96
184 100
186 232
155 198
197 82
51 16
32 179
178 219
98 172
12 4
230 198
229 170
108 191
180 20
21 228
24 207
186 77
164 249
105 188
116 211
246 161
14 121
222 51
52 29
98 169
101 131
32 37
43 165
62 69
56 69
86 43
101 202
132 166
226 21
25 4
71 17
205 49
143 84
107 128
58 216
204 32
249 194
231 139
172 138
23 135
242 91
107 232
227 27
219 115
5 78
185 172
35 13
114 204
40 234
34 53
18 138
180 61
209 210
241 9
113 150
217 99
214 125
76 2
198 203
37 132
155 94
187 90
79 169
186 3
60 19
87 214
236 39
185 233
132 61
6 136
95 97
174 49
174 171
80 216
139 163
189 231
202 142
236 32
77 119
224 131
238 205
139 82
60 97
227 73
24 157
130 44
139 172
238 74
200 155
12 2
84 155
151 101
130 122
133 61
63 23
199 94
89 57
120 66
37 99
210 155
56 150
183 21
1 106
159 33
12 20
82 67
29 72
84 12
75 197
84 133
39 58
177 9
9 76
90 46
69 42
22 153
34 120
132 146
9 10
241 153
215 207
115 207
10 214
213 214
168 60
72 33
196 239
181 135
38 35
169 213
86 80
229 53
14 119
206 171
113 91
66 186
68 59
84 210
92 50
97 127
242 201
30 170
220 156
161 30
87 220
221 32
89 108
161 1
127 163
49 217
218 2
80 198
84 86
12 106
101 67
143 125
120 10
19 240
117 135
95 205
64 249
104 232
2 133
88 66
54 209
212 138
111 237
187 38
22 219
6 84
43 138
44 152
233 176
86 177
48 159
193 119
26 29
137 5
213 75
70 85
174 100
197 238
82 115
218 130
24 20
132 194
87 21
248 75
109 110
17 107
146 156
125 171
38 194
145 55
242 102
80 9
197 132
190 32
10 95
92 187
99 53
132 96
219 182
206 87
145 73
212 78
114 184
76 193
98 157
218 199
170 196
66 193
171 208
240 184
209 119
62 83
155 244
200 98
224 16
186 234
125 115
46 111
120 93
194 126
221 205
190 56
6 73
6 31
232 159
228 51
68 125
10 37
185 66
179 49
113 248
74 29
21 245
164 33
172 218
126 131
79 120
38 1
20 206
3 107
30 249
190 135
172 189
70 52
38 198
110 62
210 154
117 77
7 167
236 156
129 217
141 230
203 200
65 210
226 20
79 138
14 189
136 127
174 115
202 192
160 59
95 178
243 216
194 90
39 7
50 81
72 247
125 67
26 111
20 154
212 227
148 174
25 162
47 71
164 57
15 214
32 50
122 44
166 209
235 16
70 163
96 195
143 39
171 185
127 214
216 92
135 106
80 99
54 165
11 158
29 20
67 85
5 152
177 18
65 99
41 3
136 197
57 18
174 6
79 84
20 48
70 160
156 122
65 84
203 217
239 131
80 33
158 227
47 87
42 46
70 44
117 59
165 197
25 213
59 44
123 182
188 176
173 99
73 226
149 160
38 220
192 12
126 165
162 71
14 63
184 157
210 192
181 13
193 227
165 86
137 129
110 39
239 35
80 235
220 196
67 39
83 53
66 43
100 136
228 206
247 134
207 35
187 87
124 135
39 105
118 96
80 197
230 15
212 107
48 118
220 225
68 66
242 176
210 29
128 35
249 8
120 157
104 134
60 68
89 98
148 203
240 233
60 221
103 148
222 125
127 56
190 184
106 40
198 186
76 23
25 168
110 153
246 186
142 100
105 224
145 191
61 21
31 50
51 171
156 121
44 187
84 189
22 229
57 118
239 143
106 244
125 109
188 113
131 83
222 195
134 218
124 118
157 14
100 137
164 159
184 66
119 211
107 30
155 61
97 13
87 14
220 115
182 241
151 209
25 112
210 3
61 198
78 187
74 235
107 7
235 124
246 236
209 148
162 15
44 25
175 131
53 25
153 133
188 238
103 19
226 89
41 77
87 48
130 68
200 75
156 67
128 90
197 62
223 124
164 101
84 89
16 2
33 178
32 243
26 182
94 116
80 14
239 167
184 104
146 51
216 216
88 121
145 26
104 59
160 36
73 146
230 23
169 137
194 143
43 227
172 19
152 47
51 214
48 117
123 200
47 186
186 14
162 173
220 105
143 70
194 134
108 95
25 165
189 184
64 35
95 136
120 1
21 162
25 67
189 53
37 21
192 227
19 175
247 20
15 100
177 38
249 246
35 38
145 132
127 26
11 137
246 135
105 199
219 139
119 70
232 13
154 70
142 26
104 106
121 155
152 27
224 181
169 201
82 130
88 19
205 39
221 99
129 142
144 20
112 203
132 34
180 200
218 34
72 124
211 97
167 187
75 212
40 155
103 46
123 187
207 140
236 74
6 117
86 107
176 14
12 178
99 87
39 16
122 104
54 179
242 9
8 16
238 235
33 109
104 90
239 121
98 11
6 62
123 218
155 89
25 185
105 201
238 156
70 144
249 197
185 64
71 247
66 50
234 169
29 104
56 194
211 246
246 241
168 83
217 216
134 225
97 249
204 242
90 94
85 158
51 90
231 47
136 70
11 228
93 179
174 233
126 171
29 16
14 201
96 95
130 165
227 10
239 189
215 211
18 182
222 97
17 179
204 201
164 39
15 109
136 66
62 14
113 190
46 168
91 158
61 74
180 6
102 249
170 122
8 59
182 12
219 233
166 135
23 62
148 125
164 18
179 125
154 165
198 100
9 227
83 98
60 147
10 186
68 20
52 240
12 113
115 140
125 79
246 145
54 14
220 11
142 172
166 136
84 206
207 121
244 53
194 139
224 203
132 107
48 178
30 154
78 60
23 201
77 195
48 122
223 221
247 247
98 227
215 92
242 3
212 247
55 153
143 116
99 129
74 135
45 23
136 58
93 89
50 119
39 65
20 146
200 188
141 67
159 248
180 43
80 38
158 131
200 174
150 43
238 244
53 179
90 124
202 245
14 205
138 26
64 79
34 231
169 218
109 160
6 89
94 121
143 136
76 58
225 130
152 138
213 160
81 140
98 140
222 6
230 237
104 26
13 166
235 165
77 101
184 197
129 92
221 146
161 176
58 128
58 155
40 47
47 220
82 189
156 98
186 112
16 166
79 9
155 57
15 52
220 102
189 187
178 51
5 236
108 35
77 103
104 57
249 28
134 144
90 88
15 132
166 25
235 232
179 73
67 203
156 42
20 105
218 25
159 222
170 9
140 82
180 37
95 88
122 40
60 187
235 91
29 44
152 191
69 200
50 102
44 180
225 176
235 161
150 115
54 170
231 5
143 189
144 230
139 67
185 202
178 182
120 94
101 172
47 146
25 42
241 27
248 245
50 98
183 189
197 155
56 190
136 44
212 239
73 161
157 176
212 45
63 222
129 74
67 191
219 100
218 211
19 146
13 155
224 117
74 50
143 246
147 75
135 174
70 39
219 215
9 91
189 160
245 80
60 223
167 113
141 85
82 37
161 210
117 18
81 124
35 121
191 24
225 7
152 112
245 91
204 231
227 59
12 114
34 191
242 199
201 13
191 14
201 88
19 120
184 198
242 71
120 163
222 126
87 2
136 23
196 45
207 217
75 95
205 222
44 239
118 79
150 104
216 28
61 115
20 134
188 145
167 154
158 28
229 103
96 228
169 195
31 56
74 237
36 46
121 67
236 213
25 146
80 147
180 137
247 50
29 87
234 181
159 130
79 68
185 147
38 86
200 60
179 34
120 126
118 197
60 76
59 244
209 74
220 80
60 106
172 165
47 54
243 176
89 157
179 192
186 97
186 19
40 55
4 192
234 110
3 96
15 105
174 17
138 142
33 8
235 125
15 5
184 90
35 203
33 102
152 24
129 84
144 46
103 245
219 83
102 180
160 4
39 17
95 177
246 5
232 23
159 141
97 85
90 60
207 46
203 110
228 79
73 106
97 108
114 49
116 72
54 203
213 80
220 51
129 204
42 226
37 207
220 182
9 216
179 103
118 194
119 235
130 249
63 170
123 240
51 34
102 205
46 172
181 57
236 110
17 219
154 204
150 79
70 38
15 62
118 28
123 27
175 154
171 162
108 192
170 96
58 248
76 213
174 163
6 116
233 96
85 214
142 21
72 206
126 160
222 23
234 231
180 109
83 157
216 20
93 238
240 63
26 62
37 83
249 15
239 67
217 151
111 56
51 154
62 6
174 110
31 98
105 34
200 214
57 12
11 15
32 4
202 109
101 115
237 178
162 239
56 203
7 12
134 33
106 88
187 95
76 75
109 99
94 244
97 141
121 237
205 205
70 10
136 95
133 153
66 123
225 125
196 99
78 171
160 190
75 124
103 130
219 82
64 118
150 130
131 191
221 213
191 46
214 110
160 137
64 81
212 151
193 206
58 85
238 41
11 175
184 14
117 186
203 201
98 84
249 178
201 143
21 149
105 145
28 153
121 82
183 104
143 33
163 99
58 245
77 218
244 4
156 49
34 146
164 55
62 77
218 33
126 182
128 72
173 242
132 94
184 236
220 192
7 225
216 1
101 168
155 90
221 127
53 183
50 106
193 199
248 220
43 135
99 89
157 40
166 28
35 185
202 91
184 129
98 50
32 77
95 117
56 216
71 60
143 190
237 95
177 83
245 62
179 85
176 211
55 141
134 60
107 188
24 153
38 173
31 211
163 189
91 154
65 204
208 48
21 171
79 161
199 174
47 140
105 134
243 10
16 219
80 27
17 247
31 103
48 241
41 232
84 97
80 236
60 49
81 211
19 24
211 88
67 45
198 28
45 212
167 92
13 122
31 44
184 232
232 181
188 46
167 136
239 166
228 94
43 26
226 87
239 168
158 247
156 162
159 145
95 231
175 128
210 124
181 197
233 181
9 129
6 43
9 239
121 177
78 36
104 23
47 127
104 153
151 115
1 5
179 238
122 70
38 155
66 113
103 191
151 29
55 1
84 40
183 78
244 10
231 204
73 182
141 165
48 235
136 145
136 111
139 61
90 113
86 97
65 114
247 67
88 3
6 8
215 66
64 246
20 73
172 224
149 133
212 191
202 220
101 179
39 50
238 242
150 83
72 15
88 226
143 160
187 117
47 179
218 184
60 5
81 13
229 216
28 68
68 212
190 181
12 6
247 236
154 131
130 74
65 208
238 185
52 5
196 80
230 40
237 161
69 247
81 39
94 136
51 158
11 87
54 27
119 169
221 123
106 201
226 220
61 179
23 56
243 245
178 16
200 110
75 77
3 37
177 195
38 137
43 50
136 10
76 179
185 166
71 79
41 108
137 196
83 111
211 86
148 202
212 162
149 116
118 47
45 59
191 180
45 79
142 82
106 178
203 10
137 164
207 49
107 75
13 233
223 135
157 208
197 128
42 181
147 143
158 246
210 246
151 76
175 236
15 161
90 202
92 136
126 143
54 152
243 23
129 101
238 236
207 153
159 135
168 238
79 222
130 87
64 78
174 204
73 95
204 27
31 85
159 81
198 113
102 53
22 225
31 186
205 52
56 47
70 74
169 217
63 165
125 54
108 77
22 217
38 88
240 224
175 126
207 114
169 199
1 87
32 80
145 100
126 187
1 147
144 247
195 77
217 63
160 63
79 65
62 188
32 133
80 153
213 175
224 175
154 229
220 38
74 62
207 7
242 183
223 165
130 76
136 94
223 235
115 192
12 233
80 63
183 101
62 156
158 224
94 94
8 164
231 122
246 127
98 197
75 144
169 38
86 21
9 150
69 132
93 191
78 151
51 213
226 190
35 136
56 164
97 64
197 134
143 208
13 226
168 114
126 229
127 245
55 112
6 175
29 216
14 177
89 173
166 244
236 155
37 233
133 218
16 145
194 147
85 65
173 38
238 8
60 102
83 150
164 228
170 245
123 112
197 84
98 91
238 145
246 140
19 204
139 41
31 156
65 31
122 174
18 99
231 135
202 100
25 11
196 210
225 46
36 71
49 136
63 104
68 249
242 245
52 183
92 134
187 243
249 3
214 123
208 223
138 200
230 220
39 231
114 148
196 193
109 75
60 67
149 37
188 127
181 44
45 95
19 96
47 38
92 26
145 127
45 188
223 248
91 229
67 87
199 16
176 213
109 132
244 58
131 228
206 118
197 43
4 189
75 67
25 45
55 218
102 60
179 142
229 211
206 92
166 232
148 88
24 130
229 17
169 208
27 66
181 156
237 71
156 197
107 164
192 179
106 41
171 24
165 129
209 3
128 163
225 173
66 65
9 104
8 128
246 249
67 157
31 194
20 149
243 134
214 190
129 83
92 167
97 197
5 109
187 99
147 181
115 92
127 111
111 60
185 114
7 117
95 6
87 91
8 45
71 204
22 132
184 111
65 77
238 191
97 54
99 30
25 76
134 169
31 51
50 222
28 11
229 69
222 78
108 203
145 125
143 243
231 63
116 52
44 199
236 173
193 192
249 78
214 37
185 157
205 132
8 201
142 200
218 150
71 108
39 233
210 245
98 155
55 158
130 62
138 190
236 81
146 211
83 43
197 72
213 47
88 232
234 100
186 74
171 140
175 215
116 17
170 236
111 132
67 233
3 192
241 241
78 140
112 82
107 96
40 30
228 249
197 245
158 171
40 240
52 83
98 189
124 202
111 236
219 75
111 235
75 122
82 198
85 201
189 10
187 34
77 57
65 162
100 222
137 179
119 244
173 11
96 26
135 113
244 29
182 247
101 198
99 76
182 104
165 156
225 81
25 198
32 41
191 189
92 148
197 195
115 176
4 248
163 42
230 27
16 233
236 84
142 67
141 174
20 140
157 138
226 140
158 9
136 194
1 66
132 36
130 145
44 52
123 35
69 154
151 38
59 223
82 19
82 228
175 37
203 30
154 213
198 48
235 204
152 226
166 9
79 106
211 17
169 72
114 160
124 232
49 124
199 207
221 70
243 128
160 147
60 212
148 139
124 189
245 65
139 146
103 138
226 94
47 227
95 145
239 79
124 240
203 3
224 59
144 98
9 180
148 72
190 218
182 244
171 186
29 153
208 221
76 1
11 232
200 96
202 22
29 62
25 113
206 217
169 145
47 155
220 92
55 9
67 225
157 93
8 238
203 156
247 202
86 241
215 181
177 5
199 120
94 30
96 84
205 12
98 71
158 238
56 105
65 109
127 164
29 145
100 90
114 182
181 209
152 20
22 226
104 93
122 227
6 53
43 217
84 211
168 178
84 173
182 130
87 61
188 191
96 136
160 201
227 66
97 209
96 46
233 135
123 90
62 240
64 71
211 145
54 71
231 244
185 168
125 80
183 191
14 185
11 168
71 87
222 136
4 215
139 169
29 222
137 43
182 152
215 145
15 198
51 40
64 215
210 195
138 89
248 240
11 190
101 239
202 107
123 22
125 52
166 79
103 179
97 154
206 38
1 188
249 239
113 114
234 162
236 141
138 174
76 243
54 83
27 180
78 31
108 236
43 187
75 169
59 144
72 62
76 246
210 101
54 156
57 87
93 246
33 89
217 6
96 166
56 168
76 187
225 128
152 64
44 226
237 33
115 197
242 55
224 72
98 4
68 218
73 101
12 110
190 215
69 161
207 222
71 196
193 177
232 231
108 78
56 125
103 98
201 150
77 240
172 206
117 67
66 161
193 19
231 147
57 10
19 21
234 42
167 52
109 179
208 164
67 180
194 26
105 22
55 17
167 178
111 149
3 39
226 27
189 79
163 140
115 79
215 126
104 159
188 159
108 91
113 74
19 209
200 78
68 71
152 190
95 19
138 238
82 118
163 65
222 207
61 98
23 33
88 29
78 32
222 48
152 170
166 53
61 124
209 24
92 64
84 156
104 161
239 249
187 151
36 17
76 180
231 123
115 11
35 6
176 103
168 72
181 194
184 121
24 165
237 79
28 64
99 171
121 184
210 201
189 221
79 136
232 74
173 20
220 111
211 174
86 119
125 57
39 111
190 159
221 81
171 99
81 238
104 137
189 240
85 13
112 23
37 145
176 22
38 39
146 234
157 187
191 187
134 215
9 163
28 106
124 49
16 176
202 13
90 40
33 29
207 96
142 62
15 151
73 56
91 90
156 171
186 76
193 40
33 73
85 55
138 55
139 173
52 39
218 59
157 160
40 242
202 229
208 175
29 85
239 17
224 84
198 159
58 13
165 190
68 19
72 167
243 234
235 159
32 69
4 73
244 219
214 71
229 246
10 238
230 142
85 189
24 111
129 105
193 101
187 15
224 150
13 78
152 244
232 112
145 85
125 25
13 12
10 245
36 246
50 242
224 92
242 230
15 158
218 215
186 235
114 134
96 63
117 30
18 201
157 127
53 64
226 235
243 194
61 234
157 97
80 217
62 120
97 50
179 24
172 204
159 172
56 249
166 237
127 78
63 76
95 79
61 231
178 158
39 67
241 110
235 120
175 177
177 33
91 160
111 25
55 245
20 4
48 194
201 128
76 89
220 132
121 33
59 233
200 230
211 185
193 64
228 119
88 77
60 118
157 101
98 43
126 58
136 175
193 60
15 75
94 209
202 86
166 11
224 216
121 55
117 129
232 109
148 157
62 140
45 163
237 195
243 136
194 8
18 143
83 236
184 93
201 92
93 172
116 27
60 135
172 22
200 76
242 113
115 88
232 18
131 89
91 92
175 133
41 203
230 82
16 155
175 50
184 169
230 147
58 47
65 238
213 147
226 134
245 12
199 4
148 156
115 206
48 210
43 18
199 22
21 94
91 13
43 225
17 54
87 120
37 202
224 225
206 131
234 140
233 41
225 57
197 100
8 188
111 245
236 65
73 81
22 80
27 210
61 142
113 14
101 91
248 91
191 113
227 164
129 67
148 184
160 99
37 190
108 102
16 58
160 159
229 243
154 69
85 105
105 196
33 193
221 233
4 172
29 74
184 41
51 173
16 240
150 18
195 42
233 109
31 142
49 200
29 247
205 210
111 201
128 112
21 15
37 234
103 161
201 188
162 146
218 14
150 146
31 150
52 195
17 221
36 140
93 144
160 115
10 156
112 196
246 156
247 55
74 19
235 8
62 213
165 117
123 228
74 248
87 203
28 31
70 240
120 241
184 206
128 184
219 112
92 193
223 244
159 220
226 40
97 15
175 223
192 208
190 92
57 218
87 86
182 136
147 150
155 140
208 162
229 238
192 47
51 242
112 153
98 245
26 14
79 149
10 239
22 163
168 186
164 95
21 193
28 59
165 116
102 130
86 171
14 105
56 6
235 158
46 8
24 102
165 15
84 117
236 162
121 34
97 31
190 70
25 128
159 148
238 35
232 248
86 160
30 23
43 120
24 222
208 33
150 76
187 241
206 127
174 224
211 24
165 141
232 149
80 32
149 249
120 234
213 143
133 184
206 7
57 48
77 63
221 195
212 224
143 225
181 163
42 126
86 246
227 50
24 76
220 77
156 154
156 61
197 52
248 152
176 149
222 69
47 1
208 183
5 147
221 62
204 222
115 51
23 207
10 68
104 4
195 134
9 136
65 25
89 175
192 101
246 42
209 62
40 199
75 150
21 119
29 155
7 133
127 219
211 189
88 57
1 27
126 66
52 249
120 196
36 53
123 230
14 221
196 101
187 221
102 235
227 177
47 13
173 4
130 227
221 200
114 201
174 201
213 186
136 220
131 48
117 116
167 27
245 86
6 179
128 156
232 215
85 72
47 163
201 232
240 84
67 96
92 237
11 126
51 17
191 153
125 88
227 200
223 39
81 244
212 20
118 23
241 147
17 217
241 224
156 218
171 199
9 202
164 150
146 192
26 5
226 56
130 69
167 73
220 76
137 161
103 182
94 46
138 68
225 58
181 146
16 135
155 190
38 128
157 85
137 68
84 184
153 149
85 79
152 2
223 109
13 64
232 21
95 29
24 52
101 184
50 216
198 128
135 101
55 90
150 208
205 232
178 247
22 29
194 80
114 47
112 124
37 118
240 23
203 56
77 68
116 159
21 163
230 56
77 34
204 12
43 209
224 77
171 152
21 172
34 72
132 153
55 84
7 45
28 121
227 56
184 36
182 159
138 114
52 44
174 56
236 15
44 150
70 96
112 161
211 1
150 116
150 87
12 90
154 143
4 117
142 177
181 196
9 52
210 4
66 34
105 16
71 84
30 20
16 81
211 22
104 166
91 98
222 213
189 54
122 41
210 100
66 194
17 42
59 70
205 249
36 111
193 112
180 221
66 237
139 234
113 37
61 45
248 20
190 161
154 47
185 46
135 104
119 98
34 141
193 226
56 114
82 245
221 49
172 82
77 104
9 86
185 37
14 89
170 52
153 114
56 173
227 63
135 242
44 123
239 183
208 53
132 144
228 35
197 86
175 136
145 196
179 132
86 125
151 85
89 3
59 116
126 116
240 80
191 42
210 188
249 69
230 236
164 106
242 132
121 35
66 227
105 58
94 248
43 44
228 137
5 160
114 159
206 144
133 80
180 60
145 67
33 21
14 144
81 60
108 70
137 240
166 147
201 225
232 136
223 176
160 15
247 124
164 41
115 62
19 219
93 224
120 100
123 145
140 225
173 220
28 89
192 187
195 104
125 73
108 211
205 36
24 51
203 117
219 152
87 81
28 99
209 131
179 183
83 82
20 75
98 205
158 47
172 30
127 128
1 196
200 198
88 178
166 93
240 49
139 10
19 29
34 245
137 55
21 133
219 99
202 176
221 68
232 153
180 172
98 70
36 185
244 215
186 158
203 27
113 127
239 58
69 163
154 67
18 248
199 56
13 7
70 34
131 32
15 12
144 73
204 241
249 170
117 196
142 33
171 179
63 140
89 43
187 138
158 4
141 46
96 175
75 226
182 225
128 56
165 143
181 65
124 113
147 248
176 184
95 35
68 172
173 244
53 82
118 77
220 138
17 125
177 179
221 217
124 114
100 121
156 245
193 41
40 143
19 71
184 38
108 240
187 190
247 5
202 82
140 37
191 134
80 108
24 185
18 242
242 229
14 45
92 31
59 12
150 63
120 20
239 171
17 58
55 183
21 186
180 127
15 211
4 127
110 92
27 249
207 95
156 186
156 233
36 8
207 76
233 195
145 101
110 16
81 136
143 15
138 163
40 150
93 73
167 207
74 198
168 242
235 61
95 209
209 54
50 180
138 230
136 116
197 2
37 214
249 31
6 121
104 131
162 132
149 62
11 22
216 165
185 8
50 116
232 131
124 94
39 155
106 156
60 141
154 38
32 165
125 9
8 61
188 128
246 112
205 89
81 7
133 221
105 106
177 8
159 238
73 205
151 167
170 21
46 145
74 28
184 117
141 161
137 102
220 117
128 162
44 80
112 160
44 19
134 83
135 57
84 212
123 72
168 124
70 54
94 154
246 7
218 115
146 7
167 47
39 29
70 145
111 82
237 247
61 71
38 231
112 94
163 243
113 242
178 189
230 208
173 165
138 127
115 243
31 64
187 147
143 3
141 15
189 243
187 21
221 164
195 207
142 178
228 172
110 26
154 236
137 100
36 1
16 150
94 29
19 76
76 159
37 89
249 209
12 108
176 81
71 45
226 38
83 176
142 210
175 151
99 20
81 227
19 38
104 118
30 150
20 60
116 221
78 175
161 192
161 23
56 186
84 53
15 79
118 160
125 29
193 171
155 215
135 37
200 92
129 205
3 42
167 119
207 143
133 179
147 234
49 51
200 206
52 31
136 227
11 234
150 37
48 31
213 115
69 229
120 83
209 102
29 41
105 20
92 109
87 24
55 213
210 220
31 29
102 196
169 69
204 147
149 153
68 217
222 131
117 145
69 18
73 175
249 234
205 62
18 224
49 132
32 195
81 157
62 249
61 92
87 11
199 137
38 201
96 165
89 187
7 43
199 61
195 153
129 211
223 172
34 54
236 230
247 125
219 76
102 219
15 154
233 112
110 121
16 218
205 164
96 215
186 73
120 185
16 19
100 99
159 240
218 79
75 164
77 187
164 59
208 124
169 97
194 47
93 240
80 15
101 218
172 50
168 196
204 34
3 146
113 222
157 129
120 245
67 215
8 98
73 90
49 191
84 66
145 171
182 146
15 78
78 21
3 35
157 53
110 139
105 103
49 231
126 29
236 21
33 221
213 17
145 16
3 84
189 46
229 11
104 130
57 166
209 231
49 71
23 147
166 80
112 133
24 128
117 126
89 207
77 133
6 51
86 225
17 158
6 3
174 212
109 12
67 97
33 203
79 231
52 102
204 141
23 170
59 50
173 184
225 85
25 129
229 232
39 11
103 229
15 129
50 164
138 122
72 213
70 120
178 79
111 152
35 166
241 170
13 170
13 6
213 180
28 238
109 26
157 46
139 111
135 62
17 169
208 224
135 63
51 121
134 82
216 238
121 187
223 247
48 41
59 146
217 161
148 37
146 114
207 34
202 243
60 128
196 129
186 148
92 192
162 178
67 238
240 90
176 232
165 126
44 36
67 75
211 180
19 230
2 75
24 69
4 113
244 67
110 6
178 66
23 176
152 3
75 209
148 233
13 133
238 237
207 98
38 71
83 92
73 227
78 143
65 18
78 80
185 237
121 63
194 131
130 229
187 240
153 162
15 47
90 110
101 37
177 170
144 175
22 203
90 112
218 92
244 12
157 171
47 244
249 177
128 14
19 135
219 146
168 74
182 219
117 200
110 170
155 49
24 93
208 25
191 103
210 41
230 36
102 186
85 159
186 171
205 149
194 49
109 124
2 239
60 140
2 205
218 192
92 200
198 245
240 15
76 249
10 153
89 132
152 219
88 37
27 67
87 122
37 78
42 56
225 42
112 67
1 238
213 137
87 142
78 203
82 173
145 210
134 104
77 233
154 119
175 67
198 105
84 195
241 129
3 125
1 142
240 112
6 218
216 154
213 224
92 147
247 112
39 210
156 101
198 200
173 73
196 33
247 63
154 221
174 52
243 69
237 213
120 172
224 95
218 209
197 197
177 39
216 86
79 240
197 129
131 127
84 199
128 17
230 247
17 103
134 97
82 240
50 93
40 188
75 188
108 107
35 91
21 72
164 197
43 231
182 119
106 53
119 223
94 131
226 225
103 56
246 83
137 147
116 143
12 30
100 164
3 126
165 144
148 65
159 167
113 67
210 110
81 218
226 8
126 84
219 109
1 187
75 11
191 107
113 161
216 7
96 12
217 180
86 58
53 197
62 232
225 182
140 173
113 20
185 175
169 229
19 166
61 188
172 8
17 105
217 111
72 236
2 247
155 39
95 120
3 244
85 215
223 155
200 17
121 243
24 187
217 5
149 216
218 22
176 244
233 38
10 175
114 149
243 198
106 34
212 166
123 100
219 138
219 135
21 71
9 207
210 152
205 19
87 213
94 78
38 141
31 5
65 105
155 84
195 4
126 167
199 111
49 24
172 227
173 33
181 244
87 118
89 238
45 84
26 85
188 158
214 187
237 91
150 131
69 72
129 193
234 114
26 224
109 178
97 139
231 90
98 42
56 156
39 84
141 197
71 59
14 70
247 127
125 102
42 238
33 129
113 11
85 3
87 25
162 129
122 88
180 39
57 125
125 174
144 225
115 151
227 156
198 7
226 143
6 64
57 204
234 151
208 150
213 124
207 89
157 55
248 66
104 123
65 123
69 91
146 76
145 212
106 85
41 246
5 3
239 122
245 107
71 159
238 127
35 49
28 84
183 235
111 200
185 200
75 186
79 243
120 77
237 208
180 180
95 208
62 57
202 140
79 99
185 4
27 154
31 242
94 43
240 213
189 94
148 105
185 91
7 125
8 147
177 239
94 8
148 29
147 70
121 31
6 66
68 216
224 31
195 219
169 209
162 207
27 129
165 229
132 112
2 153
120 239
19 106
43 33
64 223
34 136
209 25
114 214
9 148
41 54
75 240
165 210
79 87
73 240
233 130
200 160
151 97
41 197
228 69
32 84
5 18
119 192
185 113
248 183
230 115
14 145
103 127
123 110
138 166
182 147
10 111
100 3
25 79
158 178
206 114
207 28
229 68
8 82
37 43
180 128
223 196
18 22
227 204
23 66
145 195
202 84
209 69
138 116
10 56
51 192
146 151
23 238
222 176
146 245
81 199
244 15
70 122
36 72
169 16
72 31
84 107
170 61
9 31
191 145
134 209
43 126
182 52
193 56
135 91
134 248
78 116
140 71
105 4
66 126
98 203
22 174
50 114
10 138
207 163
131 155
107 24
101 63
141 111
193 223
175 5
133 186
75 20
179 199
171 218
97 35
132 92
48 14
101 89
71 208
249 84
173 248
56 223
79 145
225 214
172 171
244 140
107 145
93 128
141 55
245 51
85 124
152 150
91 239
156 66
81 226
144 159
216 104
212 115
152 215
133 19
91 120
105 65
231 183
11 113
8 142
90 200
137 66
94 61
82 180
182 32
215 113
184 173
64 50
67 159
153 50
153 27
191 188
66 100
82 117
137 158
131 189
77 199
12 125
2 34
35 237
78 231
47 165
84 197
122 184
130 182
216 233
189 50
83 197
164 230
87 189
25 232
83 189
146 240
172 68
91 104
213 92
93 115
1 103
85 23
136 76
181 46
133 114
72 201
119 228
108 101
93 86
170 144
208 176
222 138
162 219
178 38
90 167
187 193
75 89
22 19
141 240
237 80
246 24
32 210
225 232
208 123
41 48
215 234
76 148
162 110
205 27
74 98
224 135
30 137
147 205
111 39
139 47
66 235
77 24
37 163
121 81
138 168
2 84
211 211
246 206
37 177
146 144
51 177
175 21
9 229
223 31
89 105
72 110
52 186
225 168
70 153
96 24
190 116
21 73
118 230
108 93
197 32
200 55
46 12
195 72
92 15
42 165
243 85
33 150
102 112
100 188
219 227
201 1
31 83
240 110
85 49
132 52
55 164
115 175
163 115
198 118
228 92
242 186
244 32
229 187
196 76
89 61
156 127
226 202
249 92
4 223
3 165
24 189
247 80
194 81
143 244
182 5
185 95
26 120
32 217
66 140
164 52
231 110
30 77
167 45
124 175
198 154
203 236
166 5
175 138
169 71
116 176
201 28
187 161
95 51
53 50
189 114
78 249
188 17
101 97
103 142
104 108
225 186
88 224
28 39
95 68
88 54
16 193
166 122
116 212
160 127
35 62
158 221
228 220
189 153
183 222
213 104
116 203
22 30
1 98
83 41
40 92
177 243
81 223
133 244
186 194
188 26
113 152
198 171
248 39
40 138
140 119
149 79
57 111
13 110
143 16
233 68
118 41
64 18
217 158
124 126
71 197
246 240
190 41
60 196
107 161
75 187
33 228
17 129
41 39
87 223
206 14
109 68
161 209
1 172
205 87
77 51
81 122
157 225
42 33
91 11
125 145
73 28
155 132
109 129
247 83
58 184
7 193
19 206
47 24
153 224
63 184
151 92
15 142
102 170
152 111
218 9
103 64
183 118
248 116
82 243
80 52
116 24
143 5
86 193
205 121
63 13
238 80
9 171
193 183
57 11
125 69
106 76
244 142
18 114
213 1
137 233
155 163
33 116
212 189
35 89
176 200
26 117
27 217
55 101
87 105
106 105
28 79
116 39
223 63
144 61
1 33
202 104
55 77
238 140
81 42
45 78
57 186
174 63
61 175
224 178
188 156
57 38
32 198
54 233
162 103
108 76
46 7
164 31
193 18
195 103
212 72
55 53
95 223
186 201
134 106
12 97
202 162
151 20
146 233
184 203
222 230
81 228
118 30
163 69
79 185
74 158
226 215
24 224
46 161
122 203
98 26
118 124
246 235
149 132
195 81
172 193
164 51
42 128
110 194
26 2
9 11
128 152
244 129
238 173
218 96
232 185
187 208
245 130
239 192
243 241
130 6
185 247
116 108
72 135
8 249
39 172
50 202
95 185
93 153
186 133
192 6
163 91
60 98
16 83
153 134
248 68
92 244
8 210
122 169
180 164
214 106
113 157
35 108
195 230
223 3
222 47
76 31
81 126
173 86
183 209
111 153
210 73
237 31
199 143
31 86
214 118
132 63
220 48
71 154
78 209
42 5
98 219
136 125
238 148
9 181
15 147
23 226
59 138
8 219
131 212
60 246
160 191
123 180
214 98
172 73
124 136
111 131
72 192
212 214
109 187
34 96
232 238
249 136
218 105
114 129
62 147
16 226
28 164
23 130
166 221
187 72
60 209
17 141
39 152
186 162
7 30
103 126
164 169
199 18
224 58
189 226
191 159
38 10
199 93
190 14
126 74
174 147
219 27
209 208
106 27
44 59
56 165
101 226
102 38
95 26
8 132
134 17
150 16
59 90
91 157
6 68
157 1
91 155
117 94
188 126
103 140
82 54
224 156
130 19
42 152
121 78
143 7
73 139
54 246
47 121
95 77
244 41
133 97
226 236
199 162
162 214
62 197
72 219
98 68
87 147
167 165
71 9
3 200
224 2
83 164
213 128
104 65
2 54
151 184
206 59
190 182
36 67
31 214
230 124
31 137
59 239
210 18
22 72
124 123
127 137
35 195
72 245
214 134
216 38
51 116
64 62
140 123
158 163
51 95
175 64
243 54
220 184
241 162
33 39
151 68
134 87
224 205
10 247
220 79
50 11
171 196
47 134
42 85
171 8
247 221
31 132
61 60
30 213
117 161
117 122
78 139
37 133
52 103
87 212
164 110
194 116
239 209
174 170
135 212
83 11
16 24
123 196
153 54
161 142
105 52
154 168
145 82
89 167
52 222
229 229
21 175
93 195
229 116
226 31
118 224
125 162
240 59
170 136
221 172
9 7
140 171
127 201
14 218
183 142
78 66
159 246
92 146
193 80
160 82
211 137
101 118
115 68
219 74
194 115
132 165
123 9
27 4
233 24
121 39
140 94
37 140
246 166
129 98
185 34
170 225
24 201
218 224
246 172
131 220
121 124
207 212
83 213
17 204
122 92
46 162
183 30
173 76
240 39
23 93
246 154
149 162
93 188
91 19
49 47
6 114
42 220
73 58
134 12
105 109
128 31
34 57
88 20
54 36
1 86
152 137
149 246
91 200
13 172
6 9
12 123
227 67
84 102
221 140
92 131
155 135
105 207
12 227
68 169
108 83
75 236
174 154
119 145
205 217
47 187
111 244
245 96
50 161
21 182
47 193
129 240
114 225
233 74
69 232
249 129
211 197
43 71
43 32
63 77
10 20
104 216
168 103
72 137
94 186
115 174
138 160
248 188
162 31
188 53
247 199
137 228
122 107
200 201
133 52
143 91
113 26
245 89
92 245
130 154
88 106
178 243
48 86
28 139
40 241
165 22
203 228
105 210
6 212
50 127
106 24
78 193
218 210
223 35
168 68
46 246
141 22
63 68
231 203
177 220
48 102
11 76
230 11
150 139
29 10
125 129
146 68
212 30
143 153
225 43
140 205
80 105
249 157
89 248
196 72
103 218
160 9
151 122
108 215
21 136
194 71
159 80
209 128
72 107
23 143
18 65
72 32
153 73
77 180
23 80
107 12
42 148
57 86
197 44
143 107
227 24
129 236
140 8
247 214
201 161
143 56
130 201
207 203
10 66
232 37
7 154
136 226
73 132
62 222
54 146
24 72
216 134
157 239
162 211
228 128
37 122
221 138
141 81
210 58
153 186
24 148
180 201
44 183
59 8
18 169
221 58
215 213
180 157
198 119
1 28
70 97
76 84
37 19
189 56
9 177
230 186
137 224
56 155
235 210
88 173
42 188
49 16
178 206
47 58
143 8
42 215
32 138
28 219
236 172
90 7
183 107
47 37
202 179
61 111
134 6
15 122
79 57
175 71
183 11
79 98
31 122
88 132
18 70
62 226
162 143
86 206
9 90
12 95
189 73
49 64
222 179
51 71
158 180
185 13
30 64
140 52
7 63
56 106
106 175
125 118
129 55
45 131
37 125
241 26
102 35
66 195
243 199
189 197
162 181
127 24
225 131
142 230
143 23
84 139
116 150
14 191
198 155
230 77
244 42
53 2
48 57
102 218
181 42
243 2
155 79
33 30
45 171
49 237
62 9
161 203
89 40
111 193
145 112
54 29
193 91
151 80
63 209
26 223
189 76
47 129
185 48
171 92
64 91
151 213
201 68
169 160
155 71
23 206
143 200
93 69
49 157
88 191
113 239
9 72
217 152
53 107
73 185
193 222
193 82
113 77
64 8
5 127
130 185
181 102
34 213
200 97
228 211
226 201
164 24
89 153
36 64
53 219
110 93
3 229
205 31
81 74
123 5
13 195
108 161
48 168
99 131
128 30
7 158
180 19
134 67
129 234
10 60
134 85
106 23
185 15
78 238
13 57
65 124
65 79
49 19
96 168
32 92
43 43
131 235
190 57
195 61
161 24
69 160
195 75
187 103
176 154
153 216
232 64
172 132
9 114
208 190
217 142
20 213
219 178
81 90
10 131
206 209
220 82
163 202
200 120
162 54
112 75
36 28
228 22
162 176
65 63
78 78
166 21
32 100
71 63
68 105
90 145
84 236
243 121
161 82
164 223
71 104
159 146
246 21
216 247
45 65
225 24
122 133
128 219
70 165
28 235
97 17
157 66
181 184
153 225
45 214
199 19
89 237
165 185
127 225
143 30
95 59
109 5
12 52
157 52
6 20
175 238
29 1
108 172
84 118
245 222
229 89
211 141
100 27
67 90
61 248
186 109
110 207
40 118
99 122
208 147
41 51
132 97
76 78
96 119
58 110
240 171
228 96
228 84
1 72
202 217
129 199
169 196
18 217
162 93
183 90
130 93
183 176
165 102
5 154
38 63
208 209
51 53
187 85
215 33
242 167
100 216
200 88
153 132
199 178
171 58
157 148
192 4
38 24
63 201
164 196
58 45
49 105
238 120
209 203
88 116
168 90
51 99
105 132
160 79
28 49
212 144
141 206
173 208
181 38
172 146
61 3
200 122
73 46
15 174
216 159
133 227
179 206
143 239
17 152
116 102
47 68
86 149
178 177
39 64
199 189
247 149
174 195
181 87
92 165
171 141
145 58
229 230
49 194
31 135
95 56
232 53
198 63
193 147
51 183
128 6
186 181
145 49
29 29
190 205
171 75
118 43
169 211
5 245
116 228
36 137
4 128
4 53
239 57
215 247
102 143
239 147
68 145
4 15
244 217
104 114
59 5
204 200
152 193
125 196
160 53
51 206
236 131
102 121
205 152
80 77
71 160
11 154
155 67
166 210
201 41
58 94
215 24
224 54
121 233
60 218
229 72
131 210
76 10
217 219
24 121
162 56
26 124
29 31
85 171
157 98
15 42
62 186
101 186
1 45
101 190
154 23
207 197
67 138
221 211
142 66
162 231
136 37
182 224
48 68
153 127
184 9
47 143
196 185
102 160
197 12
31 167
166 224
124 228
168 97
127 91
48 47
230 49
240 232
69 183
102 97
83 10
174 4
236 248
177 190
224 241
77 205
130 140
13 114
18 110
240 68
230 240
203 35
112 44
45 219
144 112
194 62
185 152
169 104
6 174
192 181
211 23
200 26
99 67
94 120
202 2
201 22
76 151
65 27
51 87
106 222
162 154
36 35
46 32
120 23
104 240
226 100
160 231
176 23
65 121
201 127
205 184
12 51
154 33
182 57
25 192
68 157
153 38
153 55
137 154
24 145
228 106
216 124
169 103
227 147
38 217
24 242
101 137
208 231
233 228
46 244
142 201
226 171
101 222
142 147
73 223
153 14
222 98
159 45
87 143
125 6
105 133
174 20
135 234
221 26
163 26
38 228
28 60
99 173
12 74
115 43
72 70
167 234
3 142
198 72
246 215
118 168
134 247
154 201
160 237
62 181
77 100
128 119
168 20
100 152
94 242
191 212
106 203
56 72
88 147
145 246
19 223
40 198
149 35
151 118
240 130
159 235
227 159
41 52
141 157
91 207
147 193
172 141
197 234
36 47
76 235
53 151
9 196
175 246
28 82
157 77
21 89
226 149
241 144
56 205
201 208
105 40
72 100
242 64
86 145
100 140
177 69
127 71
238 150
241 179
20 50
248 233
63 187
89 158
52 65
108 87
186 196
177 35
210 139
104 55
163 229
220 237
217 80
192 44
228 39
40 248
165 122
104 147
7 231
152 86
24 96
23 155
4 230
56 174
83 134
74 68
136 168
241 155
180 169
185 232
177 77
207 147
30 144
202 29
139 195
198 96
81 106
36 156
3 191
80 143
97 33
249 80
107 103
202 184
215 9
170 24
215 164
127 186
149 205
48 229
4 227
181 223
97 58
132 57
80 132
148 84
74 75
124 95
197 240
110 236
148 89
176 51
61 144
217 87
202 213
173 201
124 125
231 234
186 138
186 83
224 144
246 2
241 237
194 120
155 47
67 83
179 8
109 54
1 122
216 234
128 177
56 5
128 71
223 243
89 120
242 222
236 18
245 108
181 182
133 213
214 184
28 170
32 47
203 237
118 24
80 111
152 210
66 197
116 234
103 168
139 227
196 221
60 109
13 219
197 173
229 240
135 13
60 104
154 128
13 8
222 165
210 239
172 197
137 117
3 219
202 83
22 178
64 45
118 54
50 168
55 147
185 183
137 205
210 247
186 58
62 29
173 158
211 139
88 33
110 70
22 44
19 101
165 234
31 129
222 124
198 169
215 198
202 210
145 218
120 75
188 61
57 53
89 78
84 221
34 179
64 189
193 31
86 108
62 235
23 152
50 125
141 90
65 108
241 173
151 201
137 229
191 25
195 108
162 13
245 184
48 61
119 68
63 31
214 133
234 241
246 41
205 220
125 221
53 120
239 116
50 70
201 219
141 180
200 93
139 6
156 16
22 17
248 235
213 230
9 43
29 181
73 140
35 194
126 22
48 106
201 180
177 56
108 176
204 223
109 84
183 243
186 23
42 150
61 31
226 73
135 95
165 163
11 81
110 80
181 164
154 87
88 96
1 95
208 159
246 221
223 4
214 195
236 152
21 81
46 82
58 117
247 237
5 239
30 47
199 43
230 85
153 24
181 232
230 94
33 90
11 247
156 189
215 1
32 204
242 200
132 171
53 245
134 16
230 10
53 244
67 20
23 237
70 169
131 17
235 54
214 233
24 90
140 86
187 150
202 49
206 41
208 216
46 231
136 35
133 70
235 40
240 79
89 128
14 178
144 201
91 172
50 82
16 56
246 25
19 198
180 71
209 101
244 114
171 222
104 28
156 177
12 197
155 191
158 23
99 215
6 72
21 124
98 101
104 25
148 244
38 233
146 45
120 209
27 229
85 88
28 125
30 96
88 17
151 116
149 199
33 98
86 185
62 174
51 32
84 2
203 114
20 190
99 136
150 204
42 8
232 168
192 98
11 84
97 184
56 177
28 223
68 174
22 26
210 103
8 5
24 167
152 9
51 70
77 125
29 130
11 28
101 117
26 189
69 120
224 137
62 238
46 183
144 18
246 174
77 72
128 153
99 6
64 70
105 5
237 125
32 57
16 136
206 13
91 180
29 184
114 244
223 89
174 151
172 210
124 2
215 40
184 77
243 137
190 65
215 230
110 113
122 17
165 216
103 54
70 141
151 67
198 41
125 229
246 129
164 30
127 101
26 198
197 227
242 206
203 175
115 249
90 29
32 18
216 186
14 108
45 57
221 237
211 58
8 78
50 179
102 34
90 185
139 189
91 63
220 208
29 185
134 121
236 79
207 230
235 33
101 185
3 9
63 248
78 113
103 3
26 68
85 84
177 22
232 200
102 138
142 233
217 73
132 182
236 157
141 57
205 78
26 212
238 15
192 137
1 48
39 20
60 175
230 212
141 76
122 178
211 198
67 200
136 166
28 174
82 34
6 245
223 50
36 242
143 18
54 107
61 73
167 176
179 69
166 114
6 65
211 223
111 181
56 142
75 37
66 20
106 42
221 248
236 85
188 85
220 28
140 97
189 217
41 217
240 249
219 181
176 176
101 109
27 137
163 10
14 110
173 14
225 112
122 126
37 162
113 58
166 125
27 70
159 111
76 209
189 103
241 1
111 24
154 242
34 212
191 176
219 44
114 72
33 195
73 44
145 117
58 220
31 91
187 122
155 115
17 79
56 62
130 45
18 81
190 234
115 209
217 120
179 190
17 80
74 38
196 67
36 245
213 221
30 83
75 49
51 88
207 87
41 127
224 83
171 43
249 19
217 122
52 228
151 111
188 173
46 212
211 31
176 236
147 87
235 156
82 208
204 169
5 228
110 124
129 33
26 107
184 16
177 249
238 44
154 72
173 82
220 181
211 63
65 45
57 237
236 167
131 230
56 34
22 192
33 137
40 139
248 88
222 84
73 196
141 175
155 176
193 207
113 107
32 149
178 178
202 18
36 234
114 130
114 158
86 110
237 128
28 227
92 85
203 150
150 243
51 230
133 141
80 199
201 186
31 212
118 97
237 44
22 161
47 93
157 246
50 113
148 52
169 128
193 114
130 117
186 222
212 130
51 220
47 141
96 70
25 136
186 34
181 205
155 192
119 15
135 146
112 33
166 180
199 222
176 59
154 96
186 6
14 80
126 174
22 184
217 41
52 28
53 128
163 136
145 59
117 6
75 93
34 76
192 3
226 214
105 178
7 42
171 119
127 45
125 220
128 220
87 146
86 153
214 70
228 227
83 58
29 192
40 79
165 76
93 175
71 38
203 167
94 33
166 36
112 249
75 234
6 67
180 214
195 123
13 16
35 117
199 100
133 56
228 149
215 123
142 4
39 190
117 56
38 184
8 6
100 211
70 41
242 86
26 10
223 146
48 143
92 46
11 220
94 73
198 197
199 82
81 217
165 147
187 108
11 29
44 84
139 72
9 33
160 90
100 16
165 189
65 218
56 159
114 73
132 42
73 96
121 168
224 42
209 21
59 160
149 119
55 205
37 11
67 161
146 81
107 211
77 89
219 43
147 164
104 221
227 41
13 163
170 206
180 140
211 201
143 204
108 22
100 135
38 238
68 231
36 208
113 218
140 140
90 80
7 172
135 231
108 84
133 102
172 58
26 178
163 41
149 196
216 129
22 59
80 193
110 152
140 145
243 155
133 55
218 180
72 180
130 86
167 40
132 225
97 233
170 5
164 91
176 145
1 111
247 76
125 164
100 156
184 20
2 33
19 248
16 35
94 228
242 125
197 17
181 214
128 173
112 26
71 145
93 165
97 151
190 15
103 79
124 99
51 157
93 231
107 5
82 231
220 142
40 84
237 237
227 155
156 100
12 222
156 68
154 150
24 47
86 233
121 30
196 184
195 167
128 116
178 133
201 107
63 102
204 165
93 161
216 203
43 35
144 67
73 160
222 184
129 229
200 192
43 54
80 10
129 24
84 32
219 18
115 40
235 212
148 10
9 182
97 147
96 128
71 20
108 233
177 158
87 170
206 147
243 38
95 33
147 224
108 202
212 157
79 209
94 187
91 46
67 229
102 133
46 97
50 181
181 201
9 113
15 90
69 63
149 22
5 26
43 108
43 73
159 152
86 42
194 167
45 180
48 146
36 52
111 95
33 141
86 120
197 127
153 235
111 151
103 13
185 210
80 142
202 9
50 182
71 217
166 206
104 24
204 8
78 229
27 90
134 148
121 211
78 47
9 24
103 31
42 178
141 5
186 118
75 231
201 35
124 248
152 104
29 17
74 106
208 205
82 140
153 111
126 205
88 238
61 199
47 152
93 245
176 34
38 97
133 118
129 226
168 84
39 47
102 234
108 54
248 17
72 222
175 195
112 238
236 123
204 245
177 7
214 241
222 168
164 129
158 113
126 176
79 174
132 102
32 75
18 150
203 235
14 77
2 166
12 240
136 232
82 113
36 78
115 234
18 79
166 165
240 234
130 9
21 78
9 161
189 2
43 124
54 191
65 242
237 70
212 91
132 137
163 105
175 111
15 243
225 134
115 130
104 34
146 142
144 146
42 147
130 31
234 194
191 186
171 212
88 217
59 69
73 110
160 199
64 102
70 58
200 185
157 217
146 105
225 9
73 16
212 140
73 26
94 74
58 179
197 211
15 220
215 48
55 67
240 229
249 223
240 29
58 168
181 66
229 82
74 157
100 72
39 247
39 135
38 182
96 153
242 136
56 111
69 233
98 19
91 182
25 177
246 182
244 131
113 165
47 78
159 241
68 243
17 132
23 39
96 6
126 221
22 116
226 101
172 44
102 36
115 94
143 6
82 70
227 26
189 1
129 128
196 175
224 96
106 236
194 196
43 60
171 85
187 48
52 236
94 47
224 49
196 222
159 215
89 143
111 10
37 66
52 157
237 122
49 204
170 147
137 42
39 110
137 99
26 48
191 208
178 113
241 172
59 213
232 134
148 130
178 72
112 208
22 90
144 78
24 27
124 166
188 166
197 35
202 170
20 164
46 195
164 146
13 187
196 219
112 125
8 184
199 73
187 120
63 32
86 137
248 69
239 191
219 36
108 145
122 109
216 102
236 226
107 93
240 58
205 5
121 109
145 1
133 243
77 64
32 244
127 35
29 167
223 44
162 46
11 64
229 204
167 222
249 135
110 83
82 225
169 219
181 143
76 162
17 30
213 144
236 194
133 135
